Id,Prediction
1,0.3472296872756414
2,0.3472296872756414
3,0.3472296872756414
4,1.0
5,0.3472296872756414
6,1.0
7,0.3472296872756414
8,1.0
9,0.3472296872756414
10,0.3472296872756414
11,0.3472296872756414
12,0.3472296872756414
13,0.3472296872756414
14,0.3472296872756414
15,1.0
16,0.3472296872756414
17,0.3472296872756414
18,0.3472296872756414
19,0.3472296872756414
20,1.0
21,0.3472296872756414
22,0.3472296872756414
23,0.3472296872756414
24,0.3472296872756414
25,0.3472296872756414
26,0.48076070501888557
27,0.3472296872756414
28,1.0
29,0.933567235679104
30,0.4136624515965375
31,0.3472296872756414
32,0.3472296872756414
33,0.3472296872756414
34,1.0
35,0.3472296872756414
36,0.3472296872756414
37,0.3472296872756414
38,0.3472296872756414
39,0.3472296872756414
40,0.3472296872756414
41,0.3472296872756414
42,0.8589824657081578
43,0.3472296872756414
44,0.933567235679104
45,0.3472296872756414
46,0.3472296872756414
47,0.3472296872756414
48,0.3472296872756414
49,1.0
50,0.8695087814976314
51,0.3472296872756414
52,0.3472296872756414
53,0.3472296872756414
54,0.3472296872756414
55,0.3472296872756414
56,0.3472296872756414
57,0.3472296872756414
58,0.3472296872756414
59,0.3472296872756414
60,0.3472296872756414
61,0.9352221170480138
62,0.3472296872756414
63,0.3472296872756414
64,0.3472296872756414
65,0.3472296872756414
66,0.3472296872756414
67,0.3472296872756414
68,0.3472296872756414
69,0.3472296872756414
70,0.3472296872756414
71,0.3472296872756414
72,1.0
73,0.3472296872756414
74,0.3472296872756414
75,0.7439694449805466
76,0.3472296872756414
77,0.933567235679104
78,1.0
79,1.0
80,0.3472296872756414
81,0.3472296872756414
82,0.3472296872756414
83,0.3472296872756414
84,0.3472296872756414
85,0.3472296872756414
86,0.3472296872756414
87,0.3472296872756414
88,1.0
89,1.0
90,0.3472296872756414
91,0.3472296872756414
92,0.3472296872756414
93,0.3472296872756414
94,1.0
95,0.3472296872756414
96,0.3472296872756414
97,1.0
98,0.3472296872756414
99,0.3472296872756414
100,0.3472296872756414
101,0.3472296872756414
102,0.3472296872756414
103,0.6132224636563296
104,0.3472296872756414
105,0.9404581076583256
106,1.0
107,0.3472296872756414
108,0.3472296872756414
109,0.3472296872756414
110,0.3472296872756414
111,0.3472296872756414
112,0.3472296872756414
113,0.3472296872756414
114,0.3472296872756414
115,0.3472296872756414
116,0.3472296872756414
117,1.0
118,0.3472296872756414
119,0.3472296872756414
120,0.3472296872756414
121,0.81020662375716
122,0.3472296872756414
123,1.0
124,1.0
125,1.0
126,0.3472296872756414
127,0.3472296872756414
128,0.3472296872756414
129,0.3472296872756414
130,0.3472296872756414
131,0.3472296872756414
132,0.6132224636563296
133,0.3472296872756414
134,0.3472296872756414
135,0.3472296872756414
136,1.0
137,0.3472296872756414
138,1.0
139,0.3472296872756414
140,0.3472296872756414
141,0.3472296872756414
142,0.3472296872756414
143,0.3472296872756414
144,0.3472296872756414
145,0.3472296872756414
146,1.0
147,0.3472296872756414
148,1.0
149,0.3472296872756414
150,0.3472296872756414
151,0.3472296872756414
152,0.809682780530929
153,0.3472296872756414
154,1.0
155,0.3472296872756414
156,0.3472296872756414
157,0.3472296872756414
158,0.3472296872756414
159,0.3472296872756414
160,0.3472296872756414
161,0.3472296872756414
162,0.9404581076583256
163,0.3472296872756414
164,0.3472296872756414
165,0.3472296872756414
166,0.9404581076583256
167,0.3472296872756414
168,1.0
169,0.3472296872756414
170,0.3472296872756414
171,0.3472296872756414
172,1.0
173,0.3472296872756414
174,0.3472296872756414
175,1.0
176,0.3472296872756414
177,0.3472296872756414
178,0.9404581076583256
179,0.3472296872756414
180,0.3472296872756414
181,0.3472296872756414
182,0.3472296872756414
183,0.3472296872756414
184,1.0
185,1.0
186,1.0
187,0.3472296872756414
188,0.3472296872756414
189,0.3472296872756414
190,0.3472296872756414
191,1.0
192,0.3472296872756414
193,0.3472296872756414
194,0.3472296872756414
195,0.3472296872756414
196,0.3472296872756414
197,0.3472296872756414
198,1.0
199,0.3472296872756414
200,0.3472296872756414
201,1.0
202,0.3472296872756414
203,0.3472296872756414
204,0.3472296872756414
205,0.3472296872756414
206,0.7894736842105263
207,0.3472296872756414
208,0.3472296872756414
209,0.3472296872756414
210,1.0
211,0.3472296872756414
212,0.3472296872756414
213,0.3472296872756414
214,0.3472296872756414
215,0.6695087814976314
216,1.0
217,0.3472296872756414
218,1.0
219,1.0
220,0.3472296872756414
221,0.5
222,0.3472296872756414
223,1.0
224,1.0
225,1.0
226,0.933567235679104
227,1.0
228,1.0
229,0.3472296872756414
230,0.3472296872756414
231,1.0
232,0.9404581076583256
233,0.3472296872756414
234,0.9352221170480138
235,0.3472296872756414
236,0.3472296872756414
237,0.3472296872756414
238,1.0
239,0.3472296872756414
240,0.3472296872756414
241,0.3472296872756414
242,0.3472296872756414
243,1.0
244,0.3472296872756414
245,1.0
246,0.3472296872756414
247,1.0
248,1.0
249,0.3472296872756414
250,0.3472296872756414
251,0.3472296872756414
252,1.0
253,0.3472296872756414
254,0.3472296872756414
255,0.3472296872756414
256,1.0
257,0.3472296872756414
258,0.3472296872756414
259,0.3472296872756414
260,0.3472296872756414
261,0.3472296872756414
262,1.0
263,0.3472296872756414
264,0.6131520248462237
265,0.3472296872756414
266,0.3472296872756414
267,1.0
268,0.3472296872756414
269,0.3472296872756414
270,0.3472296872756414
271,0.3472296872756414
272,0.3472296872756414
273,0.3472296872756414
274,0.3472296872756414
275,1.0
276,0.3472296872756414
277,0.3472296872756414
278,0.3472296872756414
279,0.3472296872756414
280,0.3472296872756414
281,0.3472296872756414
282,0.3472296872756414
283,0.3472296872756414
284,0.3472296872756414
285,0.3472296872756414
286,1.0
287,1.0
288,0.3472296872756414
289,0.3472296872756414
290,0.3472296872756414
291,0.3472296872756414
292,0.3472296872756414
293,0.3472296872756414
294,0.3472296872756414
295,0.3472296872756414
296,0.3472296872756414
297,1.0
298,0.3472296872756414
299,0.3472296872756414
300,1.0
301,0.9404581076583256
302,1.0
303,0.3472296872756414
304,0.3472296872756414
305,0.933567235679104
306,0.3472296872756414
307,0.3472296872756414
308,1.0
309,0.3472296872756414
310,0.3472296872756414
311,1.0
312,0.3472296872756414
313,0.3472296872756414
314,0.3472296872756414
315,1.0
316,0.3472296872756414
317,0.3472296872756414
318,1.0
319,0.3472296872756414
320,0.3472296872756414
321,0.3472296872756414
322,0.3472296872756414
323,0.3472296872756414
324,0.3472296872756414
325,0.3472296872756414
326,0.9404581076583256
327,1.0
328,0.3472296872756414
329,0.3472296872756414
330,0.3472296872756414
331,0.3472296872756414
332,0.3472296872756414
333,0.3472296872756414
334,0.9404581076583256
335,0.3472296872756414
336,0.3472296872756414
337,0.3472296872756414
338,0.3472296872756414
339,0.3472296872756414
340,0.3472296872756414
341,0.3472296872756414
342,0.3472296872756414
343,0.3472296872756414
344,0.3472296872756414
345,0.3472296872756414
346,0.3472296872756414
347,0.3472296872756414
348,0.3472296872756414
349,0.3472296872756414
350,0.48076070501888557
351,0.3472296872756414
352,0.3472296872756414
353,0.3472296872756414
354,0.3472296872756414
355,0.3472296872756414
356,0.3472296872756414
357,0.3472296872756414
358,0.3472296872756414
359,0.3472296872756414
360,1.0
361,0.3472296872756414
362,0.6132224636563296
363,0.3472296872756414
364,0.3472296872756414
365,0.8404581076583255
366,0.6768711915581985
367,0.9
368,0.3472296872756414
369,0.3472296872756414
370,0.3472296872756414
371,0.3472296872756414
372,0.3472296872756414
373,0.3472296872756414
374,0.3472296872756414
375,0.3472296872756414
376,0.933567235679104
377,0.3472296872756414
378,1.0
379,0.3472296872756414
380,0.3472296872756414
381,0.3472296872756414
382,0.3472296872756414
383,0.3472296872756414
384,0.3472296872756414
385,0.3472296872756414
386,0.3472296872756414
387,0.3472296872756414
388,0.3472296872756414
389,0.3472296872756414
390,0.3472296872756414
391,0.3472296872756414
392,0.3472296872756414
393,0.3472296872756414
394,0.9404581076583256
395,1.0
396,0.3472296872756414
397,1.0
398,0.3472296872756414
399,1.0
400,1.0
401,0.3472296872756414
402,0.3472296872756414
403,1.0
404,0.3472296872756414
405,0.3472296872756414
406,1.0
407,0.3472296872756414
408,1.0
409,0.3472296872756414
410,1.0
411,0.3472296872756414
412,0.3472296872756414
413,0.3472296872756414
414,0.3472296872756414
415,0.3472296872756414
416,0.3472296872756414
417,0.3472296872756414
418,0.3472296872756414
419,0.3472296872756414
420,0.3472296872756414
421,1.0
422,0.3472296872756414
423,1.0
424,0.3472296872756414
425,0.3472296872756414
426,1.0
427,1.0
428,0.3472296872756414
429,0.3472296872756414
430,0.3472296872756414
431,0.3472296872756414
432,0.3472296872756414
433,0.3472296872756414
434,0.3472296872756414
435,0.3472296872756414
436,0.3472296872756414
437,0.3472296872756414
438,0.933567235679104
439,0.3472296872756414
440,0.3472296872756414
441,1.0
442,0.3472296872756414
443,0.3472296872756414
444,1.0
445,0.3472296872756414
446,0.3472296872756414
447,0.3472296872756414
448,1.0
449,0.3472296872756414
450,0.3472296872756414
451,1.0
452,0.3472296872756414
453,1.0
454,0.3472296872756414
455,1.0
456,0.3472296872756414
457,0.709966889155957
458,0.3472296872756414
459,0.933567235679104
460,0.3472296872756414
461,0.3472296872756414
462,0.3472296872756414
463,0.3472296872756414
464,0.3472296872756414
465,1.0
466,0.3472296872756414
467,0.3472296872756414
468,0.3472296872756414
469,0.3472296872756414
470,1.0
471,0.3472296872756414
472,0.3472296872756414
473,0.3472296872756414
474,0.3472296872756414
475,1.0
476,0.3472296872756414
477,0.4136624515965375
478,0.3472296872756414
479,1.0
480,0.3472296872756414
481,0.3472296872756414
482,0.9404581076583256
483,0.3472296872756414
484,0.3472296872756414
485,0.3472296872756414
486,0.3472296872756414
487,0.3472296872756414
488,1.0
489,0.3472296872756414
490,0.3472296872756414
491,1.0
492,0.3472296872756414
493,0.9342081076583255
494,0.3472296872756414
495,1.0
496,0.3472296872756414
497,0.3472296872756414
498,0.3472296872756414
499,0.3472296872756414
500,0.3472296872756414
501,1.0
502,0.3472296872756414
503,0.3472296872756414
504,1.0
505,1.0
506,0.3472296872756414
507,0.3472296872756414
508,0.3472296872756414
509,0.3472296872756414
510,0.3472296872756414
511,0.3472296872756414
512,0.3472296872756414
513,0.3472296872756414
514,0.3472296872756414
515,0.9342081076583255
516,0.3472296872756414
517,0.3472296872756414
518,1.0
519,1.0
520,0.3472296872756414
521,0.3472296872756414
522,1.0
523,0.3472296872756414
524,0.3472296872756414
525,0.9
526,1.0
527,0.3472296872756414
528,0.3472296872756414
529,1.0
530,0.3472296872756414
531,0.3472296872756414
532,1.0
533,0.3472296872756414
534,0.3472296872756414
535,0.3472296872756414
536,0.3472296872756414
537,0.9404581076583256
538,0.933567235679104
539,0.3472296872756414
540,0.3472296872756414
541,0.3472296872756414
542,0.933567235679104
543,1.0
544,1.0
545,0.3472296872756414
546,0.3472296872756414
547,0.3472296872756414
548,1.0
549,0.3472296872756414
550,0.3472296872756414
551,0.3472296872756414
552,1.0
553,0.3472296872756414
554,0.3472296872756414
555,1.0
556,0.809966889155957
557,0.3472296872756414
558,0.3472296872756414
559,0.933567235679104
560,1.0
561,0.3472296872756414
562,0.3472296872756414
563,1.0
564,0.3472296872756414
565,1.0
566,0.3472296872756414
567,1.0
568,0.5413428289092816
569,0.3472296872756414
570,0.3472296872756414
571,1.0
572,0.3472296872756414
573,0.3472296872756414
574,0.3472296872756414
575,0.3472296872756414
576,0.3472296872756414
577,0.809682780530929
578,0.3472296872756414
579,0.3472296872756414
580,0.3472296872756414
581,1.0
582,0.3472296872756414
583,0.3472296872756414
584,1.0
585,0.3472296872756414
586,0.3472296872756414
587,0.3472296872756414
588,0.9404581076583256
589,0.3472296872756414
590,1.0
591,0.3472296872756414
592,0.3472296872756414
593,1.0
594,0.3472296872756414
595,1.0
596,0.3472296872756414
597,0.3472296872756414
598,0.3472296872756414
599,0.3472296872756414
600,0.3472296872756414
601,0.3472296872756414
602,0.3472296872756414
603,0.3472296872756414
604,1.0
605,0.3472296872756414
606,0.3472296872756414
607,0.3472296872756414
608,0.3472296872756414
609,0.3472296872756414
610,0.3472296872756414
611,0.3472296872756414
612,1.0
613,0.3472296872756414
614,0.3472296872756414
615,0.3472296872756414
616,0.3472296872756414
617,0.3472296872756414
618,0.3472296872756414
619,0.3472296872756414
620,1.0
621,0.3472296872756414
622,0.48076070501888557
623,0.3472296872756414
624,0.3472296872756414
625,0.3472296872756414
626,1.0
627,0.3472296872756414
628,0.3472296872756414
629,0.3472296872756414
630,0.3472296872756414
631,0.3472296872756414
632,0.3472296872756414
633,1.0
634,0.3472296872756414
635,0.3472296872756414
636,0.3472296872756414
637,0.9404581076583256
638,0.3472296872756414
639,1.0
640,0.3472296872756414
641,1.0
642,0.3472296872756414
643,0.3472296872756414
644,1.0
645,0.3472296872756414
646,1.0
647,0.3472296872756414
648,0.3472296872756414
649,0.3472296872756414
650,0.3472296872756414
651,0.3472296872756414
652,0.3472296872756414
653,0.3472296872756414
654,0.3472296872756414
655,0.3472296872756414
656,0.3472296872756414
657,0.3472296872756414
658,0.3472296872756414
659,0.3472296872756414
660,0.3472296872756414
661,0.9404581076583256
662,0.5472250194809194
663,0.3472296872756414
664,0.3472296872756414
665,0.3472296872756414
666,1.0
667,0.8
668,0.3472296872756414
669,0.9404581076583256
670,0.3472296872756414
671,0.3472296872756414
672,0.5460537714238756
673,0.3472296872756414
674,1.0
675,0.3472296872756414
676,1.0
677,0.3472296872756414
678,0.3472296872756414
679,0.3472296872756414
680,0.3472296872756414
681,0.3472296872756414
682,0.3472296872756414
683,0.3472296872756414
684,0.3472296872756414
685,0.3472296872756414
686,0.3472296872756414
687,0.3472296872756414
688,0.3472296872756414
689,0.3472296872756414
690,0.3472296872756414
691,0.3472296872756414
692,0.3472296872756414
693,1.0
694,0.3472296872756414
695,0.3472296872756414
696,0.3472296872756414
697,0.3472296872756414
698,0.3472296872756414
699,0.3472296872756414
700,0.3472296872756414
701,1.0
702,0.3472296872756414
703,0.3472296872756414
704,0.3472296872756414
705,1.0
706,0.3472296872756414
707,0.809966889155957
708,0.933567235679104
709,0.3472296872756414
710,0.3472296872756414
711,0.9404581076583256
712,0.3472296872756414
713,0.3472296872756414
714,0.9404581076583256
715,0.3472296872756414
716,0.3472296872756414
717,0.709966889155957
718,0.3472296872756414
719,0.3472296872756414
720,0.9404581076583256
721,0.3472296872756414
722,1.0
723,0.3472296872756414
724,0.3472296872756414
725,1.0
726,1.0
727,0.3472296872756414
728,0.3472296872756414
729,0.3472296872756414
730,1.0
731,1.0
732,0.3472296872756414
733,0.3472296872756414
734,0.3472296872756414
735,0.3472296872756414
736,1.0
737,0.3472296872756414
738,1.0
739,0.3472296872756414
740,0.3472296872756414
741,0.3472296872756414
742,1.0
743,1.0
744,0.3472296872756414
745,0.933567235679104
746,0.3472296872756414
747,1.0
748,0.3472296872756414
749,0.3472296872756414
750,0.3472296872756414
751,0.3472296872756414
752,1.0
753,0.3472296872756414
754,0.3472296872756414
755,1.0
756,0.3472296872756414
757,1.0
758,0.3472296872756414
759,0.3472296872756414
760,0.3472296872756414
761,0.3472296872756414
762,0.3472296872756414
763,1.0
764,1.0
765,0.3472296872756414
766,0.3472296872756414
767,0.3472296872756414
768,0.3472296872756414
769,1.0
770,0.3472296872756414
771,0.3472296872756414
772,0.3472296872756414
773,0.3472296872756414
774,0.3472296872756414
775,0.3472296872756414
776,0.3472296872756414
777,0.3472296872756414
778,0.3472296872756414
779,1.0
780,0.3472296872756414
781,0.3472296872756414
782,0.3472296872756414
783,0.3472296872756414
784,0.3472296872756414
785,0.48076070501888557
786,0.3472296872756414
787,0.3472296872756414
788,0.3472296872756414
789,0.3472296872756414
790,0.3472296872756414
791,1.0
792,0.3472296872756414
793,0.3472296872756414
794,0.3472296872756414
795,1.0
796,0.3472296872756414
797,0.3472296872756414
798,0.3472296872756414
799,1.0
800,0.3472296872756414
801,0.3472296872756414
802,0.3472296872756414
803,0.3472296872756414
804,0.3472296872756414
805,0.3472296872756414
806,0.3472296872756414
807,0.3472296872756414
808,0.3472296872756414
809,0.809966889155957
810,0.3472296872756414
811,0.3472296872756414
812,0.3472296872756414
813,0.3472296872756414
814,0.3472296872756414
815,0.3472296872756414
816,1.0
817,0.3472296872756414
818,0.3472296872756414
819,0.3472296872756414
820,0.3472296872756414
821,0.3472296872756414
822,1.0
823,0.3472296872756414
824,0.933567235679104
825,1.0
826,0.3472296872756414
827,0.3472296872756414
828,0.3472296872756414
829,0.3472296872756414
830,1.0
831,0.3472296872756414
832,0.3472296872756414
833,0.8404581076583255
834,0.9404581076583256
835,0.3472296872756414
836,1.0
837,0.3472296872756414
838,0.3472296872756414
839,0.3472296872756414
840,0.3472296872756414
841,0.8404581076583255
842,0.3472296872756414
843,1.0
844,1.0
845,0.3472296872756414
846,0.3472296872756414
847,0.3472296872756414
848,0.3472296872756414
849,0.9404581076583256
850,0.3472296872756414
851,0.3472296872756414
852,0.3472296872756414
853,0.3472296872756414
854,0.3472296872756414
855,1.0
856,0.3472296872756414
857,0.3472296872756414
858,0.3472296872756414
859,0.3472296872756414
860,0.9404581076583256
861,1.0
862,1.0
863,0.3472296872756414
864,0.3472296872756414
865,0.3472296872756414
866,0.3472296872756414
867,0.3472296872756414
868,0.3472296872756414
869,0.3472296872756414
870,0.3472296872756414
871,1.0
872,0.3472296872756414
873,1.0
874,0.5460537714238756
875,1.0
876,0.3472296872756414
877,0.3472296872756414
878,0.3472296872756414
879,0.3472296872756414
880,1.0
881,0.3472296872756414
882,1.0
883,0.3472296872756414
884,0.3472296872756414
885,0.3472296872756414
886,0.3472296872756414
887,0.3472296872756414
888,1.0
889,1.0
890,0.3472296872756414
891,1.0
892,0.8947368421052632
893,0.3472296872756414
894,0.3472296872756414
895,0.3472296872756414
896,0.3472296872756414
897,0.3472296872756414
898,0.3472296872756414
899,0.3472296872756414
900,0.3472296872756414
901,0.3472296872756414
902,0.9404581076583256
903,1.0
904,0.3472296872756414
905,0.3472296872756414
906,1.0
907,0.3472296872756414
908,0.3472296872756414
909,0.3472296872756414
910,0.9404581076583256
911,0.3472296872756414
912,0.3472296872756414
913,1.0
914,0.3472296872756414
915,0.3472296872756414
916,0.3472296872756414
917,1.0
918,0.3472296872756414
919,0.3472296872756414
920,0.3472296872756414
921,1.0
922,0.3472296872756414
923,0.3472296872756414
924,0.3472296872756414
925,0.9404581076583256
926,0.3472296872756414
927,0.3472296872756414
928,0.3472296872756414
929,1.0
930,0.3472296872756414
931,0.3472296872756414
932,0.3472296872756414
933,0.31366245159653744
934,0.3472296872756414
935,0.3472296872756414
936,1.0
937,0.3472296872756414
938,1.0
939,1.0
940,0.3472296872756414
941,0.3472296872756414
942,0.3472296872756414
943,0.3472296872756414
944,0.3472296872756414
945,0.3472296872756414
946,0.8947368421052632
947,0.9404581076583256
948,1.0
949,1.0
950,0.3472296872756414
951,0.3472296872756414
952,0.3472296872756414
953,0.3472296872756414
954,0.3472296872756414
955,0.3472296872756414
956,0.9404581076583256
957,0.3472296872756414
958,0.3472296872756414
959,0.3472296872756414
960,0.9947368421052631
961,1.0
962,0.3472296872756414
963,1.0
964,0.3472296872756414
965,1.0
966,0.3472296872756414
967,0.3472296872756414
968,1.0
969,0.3472296872756414
970,0.3472296872756414
971,0.3472296872756414
972,0.3472296872756414
973,0.5472250194809194
974,0.3472296872756414
975,1.0
976,0.3472296872756414
977,1.0
978,1.0
979,0.3472296872756414
980,0.3472296872756414
981,0.9404581076583256
982,0.3472296872756414
983,0.3472296872756414
984,0.3472296872756414
985,1.0
986,1.0
987,0.3472296872756414
988,0.9894736842105264
989,0.8744606634829152
990,0.3472296872756414
991,0.3472296872756414
992,0.3472296872756414
993,0.3472296872756414
994,0.3472296872756414
995,0.3472296872756414
996,0.3472296872756414
997,0.3472296872756414
998,0.3472296872756414
999,0.3472296872756414
1000,0.809682780530929
1001,0.3472296872756414
1002,0.3472296872756414
1003,0.3472296872756414
1004,0.3472296872756414
1005,0.9404581076583256
1006,1.0
1007,0.3472296872756414
1008,1.0
1009,1.0
1010,0.3472296872756414
1011,0.3472296872756414
1012,0.3472296872756414
1013,0.3472296872756414
1014,1.0
1015,1.0
1016,0.3472296872756414
1017,0.8
1018,0.7404581076583255
1019,1.0
1020,0.3472296872756414
1021,1.0
1022,0.933567235679104
1023,0.3472296872756414
1024,1.0
1025,0.3472296872756414
1026,0.3472296872756414
1027,0.3472296872756414
1028,0.3472296872756414
1029,0.3472296872756414
1030,0.3472296872756414
1031,0.3472296872756414
1032,0.3472296872756414
1033,0.3472296872756414
1034,1.0
1035,0.3472296872756414
1036,0.3472296872756414
1037,0.3472296872756414
1038,1.0
1039,0.3472296872756414
1040,1.0
1041,0.48076070501888557
1042,0.3472296872756414
1043,0.3472296872756414
1044,0.3472296872756414
1045,0.3472296872756414
1046,0.3472296872756414
1047,0.3472296872756414
1048,0.3472296872756414
1049,0.3472296872756414
1050,0.3472296872756414
1051,0.3472296872756414
1052,0.3472296872756414
1053,0.3472296872756414
1054,1.0
1055,1.0
1056,0.3472296872756414
1057,0.3472296872756414
1058,0.3472296872756414
1059,0.3472296872756414
1060,0.3472296872756414
1061,0.9404581076583256
1062,0.3472296872756414
1063,1.0
1064,0.9404581076583256
1065,0.4136624515965375
1066,0.3472296872756414
1067,0.3472296872756414
1068,0.3472296872756414
1069,0.3472296872756414
1070,0.3472296872756414
1071,1.0
1072,0.3472296872756414
1073,0.3472296872756414
1074,0.3472296872756414
1075,1.0
1076,0.3472296872756414
1077,0.3472296872756414
1078,0.3472296872756414
1079,1.0
1080,0.3472296872756414
1081,0.3472296872756414
1082,0.3472296872756414
1083,0.3472296872756414
1084,0.3472296872756414
1085,0.3472296872756414
1086,0.3472296872756414
1087,1.0
1088,0.3472296872756414
1089,0.3472296872756414
1090,0.3472296872756414
1091,0.3472296872756414
1092,0.3472296872756414
1093,0.3472296872756414
1094,1.0
1095,0.3472296872756414
1096,0.3472296872756414
1097,0.3472296872756414
1098,0.3472296872756414
1099,0.5460537714238756
1100,1.0
1101,1.0
1102,0.3472296872756414
1103,0.3472296872756414
1104,0.3472296872756414
1105,1.0
1106,0.3472296872756414
1107,1.0
1108,1.0
1109,0.3472296872756414
1110,0.5460537714238756
1111,0.933567235679104
1112,0.3472296872756414
1113,1.0
1114,0.3472296872756414
1115,0.3472296872756414
1116,0.3472296872756414
1117,0.3472296872756414
1118,0.3472296872756414
1119,0.3472296872756414
1120,0.9404581076583256
1121,0.3472296872756414
1122,0.3472296872756414
1123,0.3472296872756414
1124,0.3472296872756414
1125,0.3472296872756414
1126,0.3472296872756414
1127,0.5472250194809194
1128,0.3472296872756414
1129,0.3472296872756414
1130,1.0
1131,0.3472296872756414
1132,1.0
1133,0.3472296872756414
1134,0.3472296872756414
1135,0.3472296872756414
1136,0.3472296872756414
1137,0.7439694449805466
1138,0.3472296872756414
1139,1.0
1140,0.3472296872756414
1141,0.3472296872756414
1142,0.3472296872756414
1143,1.0
1144,0.3472296872756414
1145,0.3472296872756414
1146,0.3472296872756414
1147,0.3472296872756414
1148,1.0
1149,0.3472296872756414
1150,1.0
1151,0.3472296872756414
1152,0.8744606634829152
1153,0.3472296872756414
1154,1.0
1155,0.3472296872756414
1156,0.3472296872756414
1157,0.3472296872756414
1158,1.0
1159,0.3472296872756414
1160,0.3472296872756414
1161,0.3472296872756414
1162,0.3472296872756414
1163,1.0
1164,1.0
1165,0.3472296872756414
1166,0.3472296872756414
1167,1.0
1168,1.0
1169,0.3472296872756414
1170,0.3472296872756414
1171,0.3472296872756414
1172,0.3472296872756414
1173,1.0
1174,0.3472296872756414
1175,1.0
1176,0.3472296872756414
1177,0.3472296872756414
1178,1.0
1179,1.0
1180,0.3472296872756414
1181,0.3472296872756414
1182,0.3472296872756414
1183,0.3472296872756414
1184,0.3472296872756414
1185,1.0
1186,0.3472296872756414
1187,0.3472296872756414
1188,1.0
1189,1.0
1190,0.3472296872756414
1191,1.0
1192,0.3472296872756414
1193,0.3472296872756414
1194,0.3472296872756414
1195,0.3472296872756414
1196,0.3472296872756414
1197,0.3472296872756414
1198,1.0
1199,0.3472296872756414
1200,0.3472296872756414
1201,0.3472296872756414
1202,0.3472296872756414
1203,0.8404581076583255
1204,0.3472296872756414
1205,0.9404581076583256
1206,0.3472296872756414
1207,0.3472296872756414
1208,0.3472296872756414
1209,0.3472296872756414
1210,0.3472296872756414
1211,0.3472296872756414
1212,0.3472296872756414
1213,1.0
1214,0.3472296872756414
1215,1.0
1216,0.3472296872756414
1217,0.3472296872756414
1218,0.3472296872756414
1219,0.3472296872756414
1220,0.3472296872756414
1221,1.0
1222,0.3472296872756414
1223,1.0
1224,1.0
1225,0.9404581076583256
1226,0.3472296872756414
1227,0.3472296872756414
1228,0.3472296872756414
1229,0.3472296872756414
1230,0.3472296872756414
1231,0.3472296872756414
1232,1.0
1233,0.809966889155957
1234,0.4136624515965375
1235,0.3472296872756414
1236,1.0
1237,0.3472296872756414
1238,0.3472296872756414
1239,1.0
1240,0.933567235679104
1241,0.3472296872756414
1242,0.3472296872756414
1243,0.3472296872756414
1244,1.0
1245,0.9404581076583256
1246,1.0
1247,0.3472296872756414
1248,0.3472296872756414
1249,0.3472296872756414
1250,1.0
1251,0.3472296872756414
1252,0.3472296872756414
1253,0.3472296872756414
1254,1.0
1255,0.3472296872756414
1256,0.3472296872756414
1257,0.3472296872756414
1258,0.3472296872756414
1259,0.3472296872756414
1260,0.3472296872756414
1261,0.3472296872756414
1262,0.933567235679104
1263,0.3472296872756414
1264,0.3472296872756414
1265,0.3472296872756414
1266,1.0
1267,0.3472296872756414
1268,0.3472296872756414
1269,0.3472296872756414
1270,1.0
1271,0.3472296872756414
1272,0.3472296872756414
1273,0.3472296872756414
1274,0.3472296872756414
1275,0.3472296872756414
1276,1.0
1277,1.0
1278,0.3472296872756414
1279,0.8404581076583255
1280,0.3472296872756414
1281,1.0
1282,0.3472296872756414
1283,0.3472296872756414
1284,0.3472296872756414
1285,0.3472296872756414
1286,0.3472296872756414
1287,0.3472296872756414
1288,0.3472296872756414
1289,0.3472296872756414
1290,0.3472296872756414
1291,1.0
1292,0.3472296872756414
1293,0.3472296872756414
1294,0.9404581076583256
1295,0.3472296872756414
1296,1.0
1297,0.9299589591532771
1298,1.0
1299,0.3472296872756414
1300,1.0
1301,0.3472296872756414
1302,0.3472296872756414
1303,0.3472296872756414
1304,1.0
1305,0.3472296872756414
1306,0.3472296872756414
1307,0.3472296872756414
1308,1.0
1309,0.3472296872756414
1310,0.3472296872756414
1311,0.3472296872756414
1312,0.3472296872756414
1313,0.3472296872756414
1314,0.3472296872756414
1315,0.3472296872756414
1316,1.0
1317,0.3472296872756414
1318,0.3472296872756414
1319,0.3472296872756414
1320,1.0
1321,0.3472296872756414
1322,1.0
1323,0.3472296872756414
1324,0.3472296872756414
1325,0.3472296872756414
1326,1.0
1327,1.0
1328,0.3472296872756414
1329,0.3472296872756414
1330,1.0
1331,0.3472296872756414
1332,0.3472296872756414
1333,0.3472296872756414
1334,0.5460537714238756
1335,0.3472296872756414
1336,0.3472296872756414
1337,1.0
1338,0.3472296872756414
1339,0.3472296872756414
1340,0.3472296872756414
1341,1.0
1342,1.0
1343,0.3472296872756414
1344,0.3472296872756414
1345,1.0
1346,0.933567235679104
1347,0.9404581076583256
1348,0.3472296872756414
1349,0.3472296872756414
1350,1.0
1351,0.4136624515965375
1352,0.3472296872756414
1353,0.48076070501888557
1354,0.3472296872756414
1355,0.3472296872756414
1356,1.0
1357,0.3472296872756414
1358,1.0
1359,0.3472296872756414
1360,0.3472296872756414
1361,1.0
1362,0.3472296872756414
1363,1.0
1364,0.3472296872756414
1365,1.0
1366,1.0
1367,0.9
1368,0.41322713145105167
1369,0.3472296872756414
1370,0.3472296872756414
1371,0.3472296872756414
1372,0.3472296872756414
1373,0.3472296872756414
1374,0.3472296872756414
1375,0.3472296872756414
1376,0.3472296872756414
1377,0.3472296872756414
1378,0.3472296872756414
1379,1.0
1380,0.3472296872756414
1381,0.3472296872756414
1382,0.3472296872756414
1383,1.0
1384,1.0
1385,0.3472296872756414
1386,0.3472296872756414
1387,0.3472296872756414
1388,0.8803827751196174
1389,0.3472296872756414
1390,0.3472296872756414
1391,0.3472296872756414
1392,1.0
1393,0.3472296872756414
1394,0.3472296872756414
1395,0.3472296872756414
1396,1.0
1397,1.0
1398,0.3472296872756414
1399,0.3472296872756414
1400,0.3472296872756414
1401,0.3472296872756414
1402,0.3472296872756414
1403,0.3472296872756414
1404,0.3472296872756414
1405,0.9404581076583256
1406,1.0
1407,0.3472296872756414
1408,0.3472296872756414
1409,0.3472296872756414
1410,0.3472296872756414
1411,0.4796598957719477
1412,0.3472296872756414
1413,0.3472296872756414
1414,0.3472296872756414
1415,0.3472296872756414
1416,0.3472296872756414
1417,0.3472296872756414
1418,0.3472296872756414
1419,0.3472296872756414
1420,1.0
1421,1.0
1422,1.0
1423,0.3472296872756414
1424,0.3472296872756414
1425,0.3472296872756414
1426,0.3472296872756414
1427,1.0
1428,0.9404581076583256
1429,1.0
1430,0.3472296872756414
1431,0.3472296872756414
1432,1.0
1433,0.4136624515965375
1434,0.3472296872756414
1435,0.3472296872756414
1436,0.3472296872756414
1437,0.3472296872756414
1438,0.3472296872756414
1439,0.3472296872756414
1440,1.0
1441,0.3472296872756414
1442,0.3472296872756414
1443,0.3472296872756414
1444,0.3472296872756414
1445,1.0
1446,0.3472296872756414
1447,0.3472296872756414
1448,0.3472296872756414
1449,0.3472296872756414
1450,0.3472296872756414
1451,0.3472296872756414
1452,0.9888888888888889
1453,0.3472296872756414
1454,1.0
1455,0.3472296872756414
1456,1.0
1457,1.0
1458,0.3472296872756414
1459,0.3472296872756414
1460,0.3472296872756414
1461,0.3472296872756414
1462,0.3472296872756414
1463,1.0
1464,0.3472296872756414
1465,1.0
1466,0.3472296872756414
1467,0.3472296872756414
1468,0.3472296872756414
1469,0.3472296872756414
1470,1.0
1471,0.3472296872756414
1472,0.3472296872756414
1473,0.9404581076583256
1474,0.3472296872756414
1475,1.0
1476,0.3472296872756414
1477,1.0
1478,0.3472296872756414
1479,0.3472296872756414
1480,0.3472296872756414
1481,0.3472296872756414
1482,0.3472296872756414
1483,0.9352221170480138
1484,0.3472296872756414
1485,0.3472296872756414
1486,0.9404581076583256
1487,1.0
1488,0.3472296872756414
1489,0.6132224636563296
1490,0.3472296872756414
1491,0.3472296872756414
1492,0.3472296872756414
1493,1.0
1494,0.9404581076583256
1495,0.3472296872756414
1496,0.3472296872756414
1497,0.9404581076583256
1498,0.3472296872756414
1499,0.3472296872756414
1500,0.3472296872756414
1501,0.3472296872756414
1502,0.3472296872756414
1503,1.0
1504,0.3472296872756414
1505,0.6132224636563296
1506,0.3472296872756414
1507,0.9404581076583256
1508,0.3472296872756414
1509,0.3472296872756414
1510,0.3472296872756414
1511,0.3472296872756414
1512,0.3472296872756414
1513,0.3472296872756414
1514,0.3472296872756414
1515,1.0
1516,0.3472296872756414
1517,0.3472296872756414
1518,0.3472296872756414
1519,0.3472296872756414
1520,0.3472296872756414
1521,0.3472296872756414
1522,0.3472296872756414
1523,1.0
1524,0.3472296872756414
1525,0.3472296872756414
1526,0.3472296872756414
1527,0.9
1528,1.0
1529,1.0
1530,0.3472296872756414
1531,0.933567235679104
1532,1.0
1533,1.0
1534,0.9404581076583256
1535,1.0
1536,0.3472296872756414
1537,0.3472296872756414
1538,0.5460537714238756
1539,0.3472296872756414
1540,0.3472296872756414
1541,0.3472296872756414
1542,0.3472296872756414
1543,0.3472296872756414
1544,0.3472296872756414
1545,0.3472296872756414
1546,1.0
1547,0.3472296872756414
1548,0.3472296872756414
1549,0.3472296872756414
1550,1.0
1551,0.3472296872756414
1552,0.3472296872756414
1553,0.3472296872756414
1554,1.0
1555,0.3472296872756414
1556,0.3472296872756414
1557,0.3472296872756414
1558,1.0
1559,0.3472296872756414
1560,0.3472296872756414
1561,0.3472296872756414
1562,1.0
1563,1.0
1564,0.3472296872756414
1565,0.3472296872756414
1566,0.3472296872756414
1567,0.3472296872756414
1568,0.3472296872756414
1569,0.3472296872756414
1570,1.0
1571,1.0
1572,0.3472296872756414
1573,0.8756802247063394
1574,0.3472296872756414
1575,1.0
1576,0.3472296872756414
1577,1.0
1578,0.3472296872756414
1579,0.3472296872756414
1580,0.3472296872756414
1581,0.3472296872756414
1582,0.3472296872756414
1583,0.3472296872756414
1584,0.3472296872756414
1585,0.3472296872756414
1586,0.3472296872756414
1587,1.0
1588,1.0
1589,1.0
1590,0.3472296872756414
1591,1.0
1592,0.8744606634829152
1593,0.3472296872756414
1594,0.3472296872756414
1595,1.0
1596,0.3472296872756414
1597,1.0
1598,0.3472296872756414
1599,1.0
1600,0.3472296872756414
1601,0.3472296872756414
1602,1.0
1603,0.3472296872756414
1604,0.4136624515965375
1605,0.3472296872756414
1606,0.3472296872756414
1607,0.3472296872756414
1608,0.3472296872756414
1609,0.3472296872756414
1610,0.48076070501888557
1611,1.0
1612,0.3472296872756414
1613,0.3472296872756414
1614,0.3472296872756414
1615,0.9404581076583256
1616,0.3472296872756414
1617,0.809966889155957
1618,0.3472296872756414
1619,0.3472296872756414
1620,0.3472296872756414
1621,1.0
1622,0.3472296872756414
1623,0.3472296872756414
1624,0.4136624515965375
1625,0.3472296872756414
1626,1.0
1627,0.3472296872756414
1628,1.0
1629,1.0
1630,0.3472296872756414
1631,0.3472296872756414
1632,0.5472250194809194
1633,1.0
1634,1.0
1635,1.0
1636,0.7439694449805466
1637,0.3472296872756414
1638,0.3472296872756414
1639,1.0
1640,0.3472296872756414
1641,0.3472296872756414
1642,0.3472296872756414
1643,0.3472296872756414
1644,0.3472296872756414
1645,1.0
1646,0.3472296872756414
1647,1.0
1648,0.3472296872756414
1649,0.3472296872756414
1650,0.3472296872756414
1651,1.0
1652,0.3472296872756414
1653,0.3472296872756414
1654,0.3472296872756414
1655,0.3472296872756414
1656,0.3472296872756414
1657,0.3472296872756414
1658,1.0
1659,0.3472296872756414
1660,0.3472296872756414
1661,0.4136624515965375
1662,0.3472296872756414
1663,1.0
1664,0.3472296872756414
1665,0.3472296872756414
1666,1.0
1667,1.0
1668,1.0
1669,1.0
1670,1.0
1671,1.0
1672,0.3472296872756414
1673,0.3472296872756414
1674,0.3472296872756414
1675,0.3472296872756414
1676,1.0
1677,0.3472296872756414
1678,0.3472296872756414
1679,0.3472296872756414
1680,0.3472296872756414
1681,1.0
1682,0.3472296872756414
1683,0.3472296872756414
1684,1.0
1685,0.3472296872756414
1686,0.3472296872756414
1687,1.0
1688,0.3472296872756414
1689,0.3472296872756414
1690,0.3472296872756414
1691,0.809966889155957
1692,1.0
1693,0.3472296872756414
1694,0.3472296872756414
1695,0.3472296872756414
1696,0.3472296872756414
1697,0.3472296872756414
1698,0.3472296872756414
1699,0.3472296872756414
1700,0.3472296872756414
1701,1.0
1702,1.0
1703,0.3472296872756414
1704,1.0
1705,0.3472296872756414
1706,0.3472296872756414
1707,0.3472296872756414
1708,0.3472296872756414
1709,0.3472296872756414
1710,0.3472296872756414
1711,1.0
1712,0.3472296872756414
1713,0.3472296872756414
1714,0.3472296872756414
1715,0.3472296872756414
1716,0.3472296872756414
1717,0.9404581076583256
1718,0.3472296872756414
1719,1.0
1720,1.0
1721,0.3472296872756414
1722,1.0
1723,0.3472296872756414
1724,0.8800000000000001
1725,0.3472296872756414
1726,0.3472296872756414
1727,0.3472296872756414
1728,1.0
1729,0.3472296872756414
1730,0.48076070501888557
1731,0.6743482385185524
1732,1.0
1733,0.3472296872756414
1734,0.9404581076583256
1735,0.3472296872756414
1736,0.3472296872756414
1737,0.3472296872756414
1738,0.3472296872756414
1739,0.3472296872756414
1740,0.3472296872756414
1741,0.3472296872756414
1742,0.3472296872756414
1743,0.3472296872756414
1744,0.3472296872756414
1745,0.3472296872756414
1746,0.3472296872756414
1747,1.0
1748,0.3472296872756414
1749,0.9
1750,0.3472296872756414
1751,0.3472296872756414
1752,0.3472296872756414
1753,0.3472296872756414
1754,0.3472296872756414
1755,0.3472296872756414
1756,1.0
1757,0.3472296872756414
1758,0.3472296872756414
1759,0.3472296872756414
1760,0.3472296872756414
1761,0.3472296872756414
1762,0.3472296872756414
1763,0.3472296872756414
1764,0.3472296872756414
1765,1.0
1766,0.9404581076583256
1767,1.0
1768,0.3472296872756414
1769,0.9404581076583256
1770,0.3472296872756414
1771,0.3472296872756414
1772,0.3472296872756414
1773,0.4136624515965375
1774,0.3472296872756414
1775,0.3472296872756414
1776,1.0
1777,0.3472296872756414
1778,0.3472296872756414
1779,0.3472296872756414
1780,1.0
1781,1.0
1782,0.3472296872756414
1783,1.0
1784,1.0
1785,1.0
1786,1.0
1787,0.3472296872756414
1788,0.3472296872756414
1789,0.3472296872756414
1790,0.3472296872756414
1791,1.0
1792,0.3472296872756414
1793,0.3472296872756414
1794,1.0
1795,1.0
1796,0.9404581076583256
1797,0.3472296872756414
1798,0.3472296872756414
1799,0.3472296872756414
1800,0.3472296872756414
1801,1.0
1802,0.3472296872756414
1803,0.3472296872756414
1804,1.0
1805,1.0
1806,0.3472296872756414
1807,0.3472296872756414
1808,0.3472296872756414
1809,0.3472296872756414
1810,0.3472296872756414
1811,0.3472296872756414
1812,1.0
1813,1.0
1814,1.0
1815,0.7439694449805466
1816,0.5460537714238756
1817,1.0
1818,1.0
1819,1.0
1820,0.3472296872756414
1821,0.3472296872756414
1822,0.3472296872756414
1823,1.0
1824,0.3472296872756414
1825,0.3472296872756414
1826,0.3472296872756414
1827,0.3472296872756414
1828,1.0
1829,0.3472296872756414
1830,1.0
1831,1.0
1832,0.3472296872756414
1833,1.0
1834,0.3472296872756414
1835,0.3472296872756414
1836,1.0
1837,1.0
1838,0.3472296872756414
1839,0.3472296872756414
1840,0.3472296872756414
1841,0.3472296872756414
1842,0.3472296872756414
1843,1.0
1844,1.0
1845,0.3472296872756414
1846,0.3472296872756414
1847,1.0
1848,0.3472296872756414
1849,0.3472296872756414
1850,0.3472296872756414
1851,0.3472296872756414
1852,1.0
1853,0.3472296872756414
1854,1.0
1855,0.3472296872756414
1856,0.3472296872756414
1857,0.3472296872756414
1858,0.3472296872756414
1859,0.3472296872756414
1860,0.3472296872756414
1861,0.3472296872756414
1862,0.3472296872756414
1863,0.933567235679104
1864,0.3472296872756414
1865,0.3472296872756414
1866,0.809966889155957
1867,0.8756802247063394
1868,0.3472296872756414
1869,0.3472296872756414
1870,0.3472296872756414
1871,0.3472296872756414
1872,0.3472296872756414
1873,0.3472296872756414
1874,1.0
1875,0.3472296872756414
1876,0.3472296872756414
1877,0.9947368421052631
1878,0.3472296872756414
1879,0.3472296872756414
1880,0.3472296872756414
1881,0.3472296872756414
1882,1.0
1883,0.3472296872756414
1884,0.3472296872756414
1885,0.3472296872756414
1886,0.3472296872756414
1887,0.3472296872756414
1888,0.3472296872756414
1889,1.0
1890,0.3472296872756414
1891,0.3472296872756414
1892,0.3472296872756414
1893,0.9
1894,1.0
1895,0.3472296872756414
1896,0.3472296872756414
1897,0.3472296872756414
1898,0.3472296872756414
1899,1.0
1900,0.3472296872756414
1901,0.3472296872756414
1902,0.3472296872756414
1903,0.3472296872756414
1904,1.0
1905,1.0
1906,0.3472296872756414
1907,0.3472296872756414
1908,0.3472296872756414
1909,0.3472296872756414
1910,1.0
1911,0.3472296872756414
1912,0.3472296872756414
1913,0.3472296872756414
1914,0.9352221170480138
1915,0.3472296872756414
1916,0.3472296872756414
1917,0.3472296872756414
1918,1.0
1919,1.0
1920,0.3472296872756414
1921,0.3472296872756414
1922,0.3472296872756414
1923,0.3472296872756414
1924,0.3472296872756414
1925,0.8078389913895275
1926,0.9404581076583256
1927,1.0
1928,0.3472296872756414
1929,0.3472296872756414
1930,0.3472296872756414
1931,0.3472296872756414
1932,1.0
1933,0.3472296872756414
1934,0.3472296872756414
1935,1.0
1936,0.3472296872756414
1937,0.3472296872756414
1938,0.3472296872756414
1939,0.3472296872756414
1940,0.3472296872756414
1941,0.3472296872756414
1942,1.0
1943,0.3472296872756414
1944,0.3472296872756414
1945,1.0
1946,0.3472296872756414
1947,0.3472296872756414
1948,0.3472296872756414
1949,0.3472296872756414
1950,0.3472296872756414
1951,0.3472296872756414
1952,0.3472296872756414
1953,0.3472296872756414
1954,0.3472296872756414
1955,0.3472296872756414
1956,0.9
1957,0.3472296872756414
1958,0.3472296872756414
1959,0.3472296872756414
1960,0.3472296872756414
1961,1.0
1962,1.0
1963,0.3472296872756414
1964,0.3472296872756414
1965,0.3472296872756414
1966,0.9
1967,0.3472296872756414
1968,0.3472296872756414
1969,0.3472296872756414
1970,0.3472296872756414
1971,0.3472296872756414
1972,1.0
1973,1.0
1974,1.0
1975,1.0
1976,1.0
1977,0.3472296872756414
1978,0.3472296872756414
1979,0.3472296872756414
1980,0.3472296872756414
1981,1.0
1982,0.3472296872756414
1983,1.0
1984,0.3472296872756414
1985,0.3472296872756414
1986,0.3472296872756414
1987,0.3472296872756414
1988,0.3472296872756414
1989,0.3472296872756414
1990,0.3472296872756414
1991,0.3472296872756414
1992,1.0
1993,0.3472296872756414
1994,0.9404581076583256
1995,0.7744606634829152
1996,1.0
1997,1.0
1998,0.3472296872756414
1999,0.3472296872756414
2000,0.3472296872756414
