Id,Prediction
1,1.22715873304e-08
2,7.12286841776e-07
3,1.88547633012e-09
4,0.000808058366384
5,5.90092669877e-06
6,0.00740318738947
7,3.11609308797e-06
8,2.56047343525e-05
9,3.50483237576e-08
10,2.36266133197e-09
11,3.99258508995e-07
12,5.27549573868e-06
13,1.26204340648e-11
14,4.39528618719e-07
15,8.48196937429e-05
16,1.34455323608e-07
17,1.41221983418e-08
18,3.50685238957e-06
19,1.99144968965e-10
20,0.00113151504117
21,1.88504245058e-09
22,4.04379517254e-09
23,0.0
24,2.06602874017e-07
25,1.02956622343e-07
26,1.0544227755e-05
27,9.00158692405e-11
28,0.000404255689999
29,2.31958277155e-06
30,1.58747381521e-05
31,2.3718792714e-09
32,1.82352956863e-10
33,7.07925590507e-08
34,0.09411557877
35,7.86116257587e-09
36,1.22664584969e-07
37,0.0
38,1.64655086481e-06
39,3.78386508116e-09
40,5.62084717861e-07
41,8.66397426168e-07
42,1.67461967363e-05
43,2.59773564735e-08
44,0.0
45,1.1479426917e-07
46,5.96354834887e-08
47,0.0
48,4.52906647681e-09
49,0.000352438729903
50,2.25439881714e-05
51,1.75867010077e-06
52,2.34181829259e-06
53,1.06582935412e-06
54,1.49238328066e-06
55,4.16334466305e-10
56,6.45815487701e-06
57,1.65011107116e-08
58,6.88168349101e-08
59,1.66995540623e-06
60,3.38949093466e-06
61,2.12956505639e-05
62,1.19444172591e-10
63,4.98688971515e-06
64,1.74397787472e-08
65,3.11169730744e-10
66,2.74236425752e-08
67,1.60154435947e-06
68,1.95998284975e-11
69,7.82686645697e-07
70,2.24397849533e-09
71,6.69302258265e-11
72,0.000688638163024
73,2.12353415503e-11
74,5.2603238644e-07
75,1.13919605559e-05
76,1.38402179797e-06
77,1.21100164678e-06
78,0.0042600536205
79,0.000323177240174
80,1.03876272962e-05
81,1.19362937499e-07
82,3.99967080289e-06
83,1.20551603649e-08
84,1.91292292327e-10
85,3.59370926338e-10
86,1.13022533818e-09
87,2.35792151454e-08
88,0.00579435155628
89,0.00236232555963
90,1.34191228012e-08
91,1.54975327584e-08
92,5.62074145634e-11
93,1.97076773194e-10
94,0.000244300159571
95,1.93706314395e-06
96,6.77259429229e-09
97,0.000412051765255
98,1.83629356755e-10
99,3.02485657895e-11
100,1.60977650969e-11
101,0.0
102,0.0
103,2.00890651257e-05
104,0.0
105,4.54801246002e-05
106,8.9054096968e-05
107,0.0
108,7.29311205445e-07
109,5.25773318973e-10
110,2.01899678925e-10
111,2.37341280352e-09
112,1.12472267171e-07
113,6.27388919749e-09
114,2.38559186368e-08
115,3.50725784603e-06
116,0.0
117,6.17506168841e-05
118,1.79928210594e-08
119,2.84326209062e-12
120,0.0
121,1.71057904756e-05
122,8.0475408428e-08
123,0.00206950376081
124,0.00183543754294
125,0.0013280662807
126,3.02452694111e-09
127,2.41484730605e-07
128,1.2688536842e-07
129,5.36853771265e-09
130,7.22958485464e-08
131,0.0
132,1.28650144634e-05
133,2.78787903612e-08
134,3.64769445608e-09
135,1.55886538157e-10
136,0.000206638669143
137,4.35748566171e-11
138,0.000446471768224
139,1.07372128001e-05
140,8.8819260397e-09
141,3.93830597734e-08
142,1.76283323509e-08
143,0.0
144,1.68609411107e-06
145,1.69808458686e-09
146,3.21921070888e-05
147,1.02281114105e-10
148,0.000113509201607
149,7.14252638939e-08
150,7.30018785096e-10
151,1.41207434451e-09
152,1.62685859347e-05
153,5.06229870534e-06
154,0.0169034063229
155,0.0
156,9.22825657154e-09
157,1.75338374098e-06
158,1.34072106471e-11
159,0.0
160,9.83443467347e-07
161,2.08940288173e-07
162,4.52255709164e-05
163,7.67660289852e-08
164,8.74425792013e-09
165,1.09967067456e-11
166,1.95878419765e-05
167,6.21942931812e-08
168,0.000597181478958
169,6.0854002537e-06
170,0.0
171,6.47535131562e-07
172,0.000496420579825
173,3.88923519028e-06
174,8.4690409005e-07
175,0.000164501924484
176,2.15011331579e-08
177,4.37755427041e-06
178,2.31409182237e-05
179,4.17071440035e-09
180,4.09215300299e-08
181,2.08374374816e-06
182,5.65948170853e-08
183,2.04232006649e-08
184,0.00103968791481
185,0.000193252913936
186,0.000552198604972
187,0.0
188,1.64846214916e-07
189,1.16456496498e-07
190,3.73040942999e-08
191,1.62024380049e-05
192,0.0
193,4.70187584743e-08
194,3.6772781924e-08
195,0.0
196,0.0
197,1.10443323064e-08
198,0.000611941789131
199,0.0
200,7.93820668696e-08
201,0.00144388083189
202,3.65040715134e-08
203,4.98000262081e-06
204,1.93458258746e-07
205,5.21069336543e-09
206,3.36834446766e-05
207,2.18087086628e-07
208,7.77814690179e-08
209,6.30443623157e-07
210,0.000765075758267
211,0.0
212,2.34402281681e-08
213,8.0247076748e-08
214,1.21160144748e-08
215,1.9707849012e-05
216,0.000152739452031
217,4.02463776568e-09
218,0.000307634662609
219,0.000135056942427
220,8.14147170524e-12
221,3.55281024453e-05
222,2.40116296739e-07
223,0.000143856288226
224,2.92389373735e-05
225,0.00087515095038
226,3.40004111616e-06
227,0.000553227712159
228,0.000132693409285
229,2.06887463098e-09
230,1.12527706202e-08
231,7.27167532039e-05
232,7.41177267149e-05
233,1.00235003612e-10
234,2.22366053987e-05
235,8.47392185461e-08
236,7.49559168284e-11
237,9.85118464973e-12
238,0.000280333335619
239,8.53292652664e-06
240,5.48007676316e-10
241,1.94627356696e-09
242,1.67162907309e-07
243,2.70054078614e-05
244,1.32539010234e-07
245,0.000776883214357
246,6.2372331715e-07
247,0.000404674580702
248,0.00181773974998
249,1.50301518116e-11
250,0.0
251,3.13278320179e-07
252,0.00102703729921
253,3.63170479301e-10
254,3.29372504136e-10
255,2.69885236828e-08
256,0.00296814895086
257,3.40861443889e-07
258,2.37809011277e-08
259,2.32016978587e-09
260,6.68688546255e-11
261,3.79396559454e-06
262,0.00143903933384
263,8.73778769633e-08
264,1.6575797142e-05
265,3.01434878705e-07
266,1.57858558303e-09
267,0.00211041406221
268,1.30807483113e-07
269,1.49115274358e-07
270,9.8755229388e-10
271,1.95063209113e-06
272,5.76880188956e-08
273,2.14653172283e-07
274,7.22022493223e-09
275,0.00010247494053
276,6.77804439921e-07
277,5.47850642592e-06
278,0.0
279,1.7197217769e-09
280,2.89731389676e-10
281,2.09694357578e-09
282,1.21426645754e-07
283,4.0443886211e-08
284,1.51015657459e-10
285,4.64924680983e-08
286,0.004087105897
287,0.000103232483284
288,0.0
289,7.62092006548e-07
290,1.17576865032e-09
291,7.03317777668e-13
292,0.0
293,8.17675148351e-07
294,4.23334233765e-10
295,0.0
296,4.36889961548e-07
297,0.00173205608083
298,0.0
299,0.0
300,5.01626074879e-05
301,1.70780077289e-05
302,0.0153706944007
303,9.08984273052e-07
304,6.51639399581e-08
305,0.0
306,2.1687913002e-08
307,1.06888163901e-07
308,0.00202623842879
309,1.92735717707e-07
310,1.1156091216e-09
311,0.000814088064128
312,9.24792393052e-10
313,2.6109709988e-06
314,1.96219289956e-07
315,0.000285589357446
316,3.23552852881e-10
317,2.60666830895e-08
318,0.00470738808815
319,8.41510951119e-10
320,9.28900320986e-07
321,6.69991975997e-08
322,1.04017287683e-06
323,0.0
324,0.0
325,1.29033797279e-07
326,0.000496495917003
327,0.00594483977554
328,2.66144498306e-09
329,9.02969469965e-08
330,0.0
331,1.92269064122e-10
332,4.46311110656e-09
333,6.41138565755e-09
334,2.89068222893e-05
335,1.56215276004e-09
336,6.71852891214e-10
337,0.0
338,1.9486045694e-09
339,1.07751418785e-06
340,6.20370015218e-10
341,1.72231352982e-09
342,1.55067311372e-06
343,1.65283976524e-11
344,1.29530603069e-06
345,6.74564076265e-08
346,8.47634989119e-08
347,6.25451008696e-08
348,0.0
349,2.98781633277e-09
350,1.13205307301e-05
351,1.87220262196e-08
352,1.04793033965e-09
353,6.39384744674e-11
354,1.30257280233e-08
355,1.28371959726e-07
356,1.18690703842e-07
357,3.62646892837e-07
358,1.96534545329e-09
359,7.04809961486e-08
360,8.90317161511e-05
361,1.25737430066e-10
362,1.33797874344e-05
363,4.04367575441e-10
364,6.28663264495e-08
365,2.25275551128e-05
366,1.39221177137e-05
367,2.20324351764e-05
368,1.21206371163e-08
369,1.42438289827e-08
370,0.0
371,7.64540880893e-09
372,2.48386288317e-07
373,2.47515978274e-07
374,5.09260643122e-08
375,4.56412370576e-08
376,7.36181404082e-06
377,1.35147088358e-08
378,0.000122974273791
379,0.0
380,7.85812680373e-11
381,6.71811976688e-09
382,8.41121154537e-07
383,1.00511434549e-09
384,8.11046559217e-08
385,1.58145788148e-07
386,3.31850151352e-06
387,2.34346331908e-10
388,7.80121639714e-06
389,2.81445209727e-08
390,1.48180741859e-06
391,4.04771352278e-06
392,2.21537522779e-07
393,9.96691379161e-12
394,2.22427960062e-05
395,0.000120911166717
396,1.11429709877e-08
397,6.32629151424e-05
398,2.60338364337e-09
399,0.000584570422228
400,7.1822256124e-05
401,6.80610827412e-09
402,9.06348541197e-08
403,4.83322497522e-05
404,3.88978142585e-08
405,1.88347115293e-10
406,8.90171949907e-05
407,3.86193996197e-06
408,0.000267890474697
409,1.63004455538e-07
410,0.000243259151765
411,7.48897144956e-07
412,6.75777243252e-08
413,0.0
414,2.15387092419e-08
415,3.62126119093e-06
416,4.19056574996e-11
417,3.65267996036e-07
418,7.77345055697e-06
419,5.8772765606e-10
420,4.7546289548e-07
421,0.000496154131407
422,6.21981035356e-08
423,0.0138676647427
424,7.28886159262e-09
425,4.86072735188e-08
426,0.000309903042254
427,0.00242667483787
428,2.77071495857e-08
429,5.01548615115e-06
430,5.0637914705e-09
431,2.9717074354e-09
432,2.04066458813e-08
433,0.0
434,0.0
435,3.18894384487e-10
436,2.98565490238e-11
437,1.1555857148e-08
438,1.38690292096e-07
439,3.32871772922e-07
440,6.13584165694e-06
441,0.00073096944267
442,0.0
443,1.17186264462e-06
444,0.000722844441433
445,6.14470053435e-11
446,1.50747834354e-09
447,1.78726946547e-09
448,0.00648273148717
449,4.06251798678e-08
450,2.24544895518e-08
451,0.00571102354707
452,1.56383297982e-06
453,0.000182282306453
454,0.0
455,0.00568787289889
456,2.82956802302e-09
457,1.8797294737e-05
458,1.96381252605e-11
459,2.64521673708e-06
460,9.72195902912e-07
461,2.52657446756e-08
462,4.54249615579e-08
463,2.17109754078e-08
464,1.38137016245e-07
465,0.00105870554494
466,4.92968363716e-10
467,1.25413438229e-08
468,1.50314625031e-09
469,9.02918736308e-09
470,0.000132030795408
471,1.18758750522e-06
472,5.94270592218e-07
473,9.63880692092e-09
474,4.19430434868e-11
475,0.00574288431499
476,2.29403473417e-12
477,6.09384877666e-06
478,4.34907749726e-07
479,0.000308039337764
480,1.4178495602e-06
481,1.94869941383e-07
482,3.17807511886e-05
483,2.02701119438e-06
484,1.28776839815e-08
485,1.08276533785e-08
486,1.3217483876e-06
487,3.53915632742e-06
488,0.000237517346147
489,6.2985709919e-07
490,2.96369006144e-07
491,0.000435105608792
492,0.0
493,1.31481874834e-05
494,4.90054261748e-10
495,0.000101045261428
496,1.48715777102e-09
497,6.94536125695e-08
498,4.59559307159e-09
499,7.18943367717e-10
500,6.42465381705e-11
501,0.00394127829922
502,5.49550684837e-09
503,0.0
504,0.000228715053927
505,0.0013817800528
506,1.6729227325e-07
507,4.61173300812e-09
508,1.50628305027e-07
509,1.22655939882e-10
510,8.30968175653e-10
511,1.01877591732e-09
512,2.93989873093e-06
513,0.0
514,2.25189367896e-09
515,1.55985731978e-05
516,0.0
517,2.2671220807e-08
518,0.0099846716548
519,0.00019005816915
520,1.12868678708e-09
521,4.6072750998e-09
522,4.34062171731e-05
523,1.47195623576e-08
524,1.57666007855e-08
525,3.4437328195e-05
526,0.0271461476019
527,6.6983443228e-09
528,1.54700653241e-06
529,0.000209006505494
530,4.6974364004e-11
531,4.8053565056e-07
532,0.000173148240497
533,2.15521553698e-06
534,0.0
535,4.61637998554e-09
536,7.70677361092e-07
537,0.000183307200403
538,6.6650960335e-06
539,3.60849243525e-06
540,1.04293683232e-10
541,5.57988969667e-09
542,0.0
543,0.00112447322811
544,0.000358465175783
545,3.88948639447e-06
546,1.16251815885e-09
547,6.27584038076e-08
548,0.000140080439097
549,5.53867481854e-08
550,6.93301936807e-08
551,6.13463453578e-07
552,0.000193353758847
553,1.11892755359e-07
554,6.53989602427e-10
555,0.0218570509138
556,1.80483268792e-05
557,0.0
558,1.55350830027e-10
559,4.35613794151e-07
560,3.78889657926e-05
561,5.76290385769e-10
562,2.35142249402e-10
563,2.77578437636e-05
564,7.43319810162e-08
565,0.00103943056716
566,0.0
567,0.00223474477817
568,1.22176659975e-05
569,8.7697417585e-07
570,6.02260186276e-09
571,2.49630159733e-05
572,5.96610178018e-06
573,3.44686027285e-08
574,2.11299386384e-08
575,2.20117039587e-07
576,7.17152546584e-11
577,1.37963015984e-05
578,9.53083160263e-08
579,4.73937490767e-06
580,8.85654746256e-09
581,0.000502486277446
582,2.28872679165e-10
583,2.46344435102e-07
584,0.00420751565872
585,2.54617680778e-06
586,7.73161857736e-09
587,6.94366335954e-06
588,3.63426649363e-05
589,0.0
590,0.00669600573002
591,9.30280814943e-09
592,9.46511472856e-08
593,7.60166038409e-05
594,9.27426677013e-08
595,0.000215231725347
596,0.0
597,1.39606637278e-07
598,4.92704679181e-10
599,0.0
600,5.47224858173e-06
601,6.38000311771e-09
602,2.51321754898e-10
603,2.01178383077e-07
604,0.00126147878095
605,8.67736104676e-10
606,3.5544445098e-07
607,6.88630018337e-08
608,3.49617907625e-09
609,3.760238025e-06
610,5.01094890639e-06
611,1.19942871171e-06
612,0.000189870139965
613,1.10190710147e-08
614,7.47842796436e-09
615,1.19772828608e-08
616,1.06945605665e-07
617,1.08777496006e-07
618,2.61724776718e-06
619,1.91303250512e-10
620,0.000310073359709
621,2.00069037698e-07
622,1.65493813225e-05
623,6.2902973509e-11
624,0.0
625,1.25721207038e-07
626,0.000199595695741
627,0.0
628,4.15215503114e-07
629,2.79849631391e-08
630,8.05836009485e-08
631,3.92749236265e-06
632,6.13804165508e-08
633,0.00053522925246
634,1.36087457568e-09
635,5.53023056795e-08
636,0.0
637,1.97403684326e-05
638,2.61528241863e-08
639,0.00261669858085
640,7.19674998161e-06
641,3.92234027911e-05
642,3.77416341061e-08
643,1.70261555252e-10
644,0.000299298139984
645,4.85311890142e-10
646,0.00846142132067
647,3.75916851402e-09
648,5.86998063541e-08
649,5.02517364883e-06
650,2.70784450441e-08
651,3.14585281094e-09
652,1.68502418595e-09
653,2.43981819415e-11
654,0.0
655,2.02951603538e-09
656,2.83152045217e-09
657,1.90211125511e-08
658,3.78366271896e-08
659,2.05397201934e-07
660,0.0
661,0.000160201017774
662,1.21520626663e-05
663,0.0
664,2.2756284459e-09
665,3.65849821575e-09
666,0.000258749886907
667,0.000377349459602
668,2.13597532839e-07
669,4.29425945662e-05
670,3.77581300951e-08
671,9.71739800428e-09
672,9.0214973818e-06
673,1.28363107856e-09
674,0.00760605905299
675,3.07081733608e-09
676,3.74064800924e-05
677,0.0
678,2.46864194191e-08
679,2.32332524948e-06
680,1.04357882099e-08
681,7.71290664373e-09
682,3.68825731857e-11
683,6.36983179213e-07
684,2.07391049404e-09
685,3.40429985169e-09
686,1.61828586887e-09
687,1.53869419946e-08
688,1.03109860607e-06
689,7.4917659736e-09
690,2.36990610486e-08
691,2.37640421126e-06
692,3.03849933897e-06
693,0.00143514449796
694,1.95030535471e-11
695,2.45734645292e-07
696,7.78652038308e-11
697,2.63192785888e-09
698,1.57349798947e-07
699,9.68316644676e-07
700,0.0
701,0.00025003804939
702,8.06689223846e-08
703,1.52099039925e-08
704,1.21053054248e-11
705,0.000956890405814
706,2.42666256086e-06
707,1.88347962631e-05
708,3.38734637111e-06
709,1.65522087653e-07
710,9.48558873618e-12
711,3.11434228165e-05
712,1.14230729754e-08
713,0.0
714,2.63233242145e-05
715,2.34016650651e-10
716,0.0
717,1.76984195912e-05
718,7.3499452484e-09
719,1.50927777245e-06
720,2.76096736928e-05
721,5.27291477584e-07
722,0.0225000191094
723,6.48871651368e-07
724,1.59694513954e-07
725,0.000123955398335
726,0.00321029426051
727,2.21391155099e-07
728,1.32537127033e-06
729,3.72529067141e-07
730,0.000930141119543
731,0.0382221409011
732,1.23236965339e-09
733,9.6650223649e-08
734,8.76599832353e-11
735,0.0
736,0.00899621761411
737,4.20768519929e-08
738,7.47060061338e-05
739,8.64183338618e-09
740,1.13728614851e-06
741,1.30463556451e-07
742,0.0071930766014
743,0.00109629035787
744,0.0
745,1.39841497511e-07
746,1.29653038489e-08
747,0.000689787303808
748,8.74298805753e-08
749,1.39880563256e-06
750,1.02314560411e-06
751,2.07403084412e-07
752,0.0041048773117
753,9.24198453623e-10
754,6.47756528945e-10
755,5.57089500097e-05
756,4.74710464593e-09
757,7.52654738042e-05
758,6.72633630519e-08
759,1.58166435973e-07
760,1.61985743532e-10
761,1.09140255882e-08
762,1.15941433409e-06
763,0.00280367629016
764,3.56462995922e-05
765,0.0
766,5.96716543238e-10
767,6.99925105709e-08
768,7.06139928449e-09
769,0.000215120133647
770,3.65760973454e-10
771,1.59333057298e-07
772,4.07985407265e-09
773,2.20915150299e-06
774,0.0
775,4.94465937231e-08
776,5.85859442279e-06
777,2.90309248736e-08
778,2.98834662571e-06
779,1.91996762469e-05
780,6.17174974056e-10
781,1.31556325084e-08
782,1.38246576544e-09
783,6.0789474815e-07
784,6.31309458947e-08
785,1.11956493363e-05
786,2.94029866003e-07
787,0.0
788,6.95031805959e-09
789,7.58042115217e-06
790,2.03459562731e-06
791,0.000624428242879
792,3.27430840179e-11
793,2.30700901616e-11
794,1.97754640657e-06
795,6.38676884799e-05
796,2.74867928374e-08
797,7.81906262969e-09
798,1.04189394794e-07
799,0.000158971049414
800,1.34285412892e-06
801,1.45444632018e-08
802,5.62594147686e-07
803,3.68912267452e-06
804,2.90646939809e-06
805,5.0218958434e-06
806,0.0
807,0.0
808,9.18359400327e-09
809,1.91724472687e-05
810,2.14645042854e-08
811,1.27946523528e-11
812,2.48852028876e-08
813,1.02522206359e-08
814,1.54255798717e-06
815,7.17358712921e-06
816,0.000389007815056
817,3.82222611498e-07
818,0.0
819,7.26255029601e-11
820,1.87107161163e-10
821,6.06842951408e-08
822,0.00104597348251
823,2.81392230032e-09
824,0.0
825,3.93204130021e-05
826,0.0
827,2.29410295898e-08
828,2.97989038353e-08
829,6.6948954299e-06
830,0.000166836887957
831,4.64655542676e-07
832,6.61231375427e-06
833,2.40002169777e-05
834,4.6903807141e-05
835,0.0
836,0.000111262553705
837,0.0
838,1.16143941317e-07
839,8.40588102724e-09
840,3.34058686242e-10
841,1.90232849127e-05
842,0.0
843,0.0391907498605
844,4.94442500658e-05
845,2.23243047829e-10
846,2.35655965174e-06
847,4.16211475671e-07
848,3.03667035751e-07
849,0.000118692040936
850,0.0
851,8.76326726004e-10
852,1.77492027238e-08
853,1.23804341053e-09
854,1.97026139963e-09
855,0.00566716282244
856,6.33400516373e-08
857,3.89501817439e-06
858,2.27810984848e-07
859,6.62934442981e-09
860,6.56917222466e-05
861,0.0129107370993
862,0.00814103015697
863,2.62140398327e-08
864,4.64314917052e-10
865,8.18557598009e-08
866,1.23798788546e-05
867,1.51882787475e-11
868,2.40138225917e-11
869,0.0
870,4.8948526097e-07
871,0.000310087569591
872,2.0431678049e-07
873,0.00160747372256
874,9.05225292121e-06
875,2.29196573606e-05
876,4.67470001516e-07
877,1.00058618341e-09
878,2.42557877811e-08
879,4.55512550161e-06
880,0.00073729016975
881,5.35967794288e-08
882,0.00208059801203
883,7.15906873406e-07
884,1.37462322831e-08
885,0.0
886,6.84597961824e-10
887,1.44415422703e-08
888,3.00478302765e-05
889,0.000930765612417
890,4.74382269756e-08
891,0.000408746614567
892,3.91894687449e-05
893,6.25311155188e-11
894,3.14933860875e-09
895,0.0
896,0.0
897,4.01375572454e-10
898,8.24912814018e-08
899,2.93770520341e-06
900,1.29321390236e-10
901,2.84937598049e-07
902,0.000225191585411
903,0.0020377523507
904,1.88002775583e-12
905,6.28129291261e-12
906,0.000343180622745
907,1.22184978663e-07
908,6.11678646659e-09
909,0.0
910,3.16668741278e-05
911,9.01770054091e-10
912,7.74172389382e-07
913,3.25402180876e-05
914,6.72470379943e-08
915,4.15399505206e-06
916,3.16958535332e-11
917,0.00185495256066
918,6.83522792518e-08
919,9.90477056903e-06
920,7.3219069991e-09
921,0.00470733868468
922,0.0
923,1.43444752801e-09
924,4.25025071591e-09
925,1.14070606082e-05
926,3.91582790521e-07
927,3.17894661005e-11
928,4.55369413643e-06
929,0.00010795731649
930,5.97233367696e-08
931,4.00938608393e-07
932,5.16432932664e-08
933,1.40329992298e-05
934,4.86195782162e-08
935,3.28506872349e-06
936,0.00052264260661
937,1.2386889183e-06
938,0.000174641059489
939,0.0156142307047
940,5.15238814949e-10
941,4.0768769768e-10
942,1.05999417251e-10
943,0.0
944,2.54725474167e-07
945,2.68679698291e-09
946,3.00529816929e-05
947,2.58651116012e-05
948,0.000579476076004
949,0.00180727843827
950,1.05798661332e-08
951,0.0
952,3.39356633544e-09
953,3.84511339407e-11
954,4.79681031139e-10
955,5.14433777146e-08
956,3.15964389579e-05
957,1.06512096312e-08
958,1.99893743916e-08
959,3.38085446025e-08
960,3.36478974569e-05
961,5.98353955821e-05
962,1.7051446116e-08
963,0.00818858666414
964,2.62301039695e-07
965,0.0100970410886
966,8.30491724381e-08
967,0.0
968,0.000493925148553
969,3.00062937982e-09
970,3.82142203934e-07
971,8.19006828222e-07
972,5.75173226533e-09
973,1.5925748633e-05
974,1.51747189214e-10
975,0.000147425885557
976,0.0
977,2.16625429305e-05
978,0.000516430360413
979,7.45945878969e-08
980,1.03628142379e-08
981,2.47418380186e-05
982,3.05466637303e-08
983,5.27571346882e-08
984,0.0
985,7.31108386385e-05
986,7.44625655587e-05
987,4.90649676864e-07
988,2.16072682689e-05
989,1.14529443994e-05
990,1.07534124202e-09
991,4.9808913168e-08
992,8.78311776229e-07
993,0.0
994,3.05037913842e-08
995,3.47317963015e-08
996,0.0
997,9.83029867257e-11
998,1.14002795067e-09
999,0.0
1000,8.72428504188e-06
1001,1.41513227436e-06
1002,8.38425865259e-10
1003,2.38682293014e-08
1004,1.46822504776e-06
1005,2.65586726336e-05
1006,1.11499933855e-05
1007,0.0
1008,0.000553104134593
1009,0.00182084270309
1010,1.45139908882e-08
1011,2.08505390144e-10
1012,0.0
1013,5.71424601593e-06
1014,0.00412972920532
1015,0.00623928033007
1016,9.11489549268e-07
1017,3.79908733629e-05
1018,2.46835001892e-05
1019,0.000103374769053
1020,7.73205677054e-07
1021,3.32001740706e-05
1022,1.01362075018e-06
1023,6.1761688482e-09
1024,0.00103047466378
1025,4.2704794731e-09
1026,5.54292578171e-09
1027,4.43857635425e-08
1028,6.42558936929e-09
1029,0.0
1030,5.46087550671e-06
1031,9.69602705411e-07
1032,3.47792476788e-10
1033,5.00285916108e-08
1034,2.59211550879e-05
1035,4.72243388182e-09
1036,4.50395292369e-06
1037,1.85474875929e-08
1038,0.000579021235165
1039,5.23758370796e-06
1040,4.0582154947e-05
1041,1.42840962047e-05
1042,0.0
1043,7.32380009432e-09
1044,1.02650205973e-05
1045,1.01198785816e-06
1046,9.13930619129e-10
1047,4.12357135277e-09
1048,2.46140344264e-06
1049,5.85165992723e-12
1050,5.89689118841e-09
1051,0.0
1052,1.45684452247e-08
1053,2.59380881035e-11
1054,0.000349354745166
1055,6.01907516276e-05
1056,3.36406012425e-08
1057,1.2690348521e-10
1058,2.57857874971e-12
1059,8.01082489524e-08
1060,3.2616340065e-06
1061,2.30148765866e-05
1062,2.92474584861e-09
1063,0.00028112136517
1064,3.69248177951e-05
1065,6.91199567511e-06
1066,0.0
1067,4.70288846508e-08
1068,4.22996170242e-07
1069,2.08987878229e-08
1070,0.0
1071,4.53417920378e-05
1072,2.1706359561e-06
1073,7.43988042558e-11
1074,1.36559798782e-07
1075,0.00510916977326
1076,1.83072246341e-11
1077,1.08215115404e-07
1078,1.62380232848e-08
1079,6.19692593652e-05
1080,4.27533032835e-08
1081,1.13355643731e-09
1082,1.76331094058e-07
1083,2.38098495303e-07
1084,1.51835095513e-11
1085,5.76826892344e-09
1086,2.85117442943e-07
1087,0.00112887115938
1088,5.66744066281e-07
1089,1.33310715284e-07
1090,7.85308827833e-08
1091,6.5197006881e-10
1092,4.070428002e-10
1093,0.0
1094,0.000174115250804
1095,1.33741760262e-07
1096,1.44998910488e-08
1097,0.0
1098,1.68074363746e-09
1099,1.08739562174e-05
1100,0.000286045096528
1101,0.00350790965582
1102,1.03801633703e-12
1103,1.77723175528e-09
1104,0.0
1105,0.000207152980756
1106,4.49361118161e-07
1107,0.000534550678038
1108,6.06728688836e-05
1109,8.74457175222e-08
1110,1.12520986387e-05
1111,1.29244764122e-05
1112,1.34626531474e-10
1113,0.000250095935842
1114,6.73033647305e-07
1115,0.0
1116,3.81814435654e-11
1117,1.01417481547e-06
1118,1.38177065697e-06
1119,1.61197945019e-09
1120,2.23319476617e-05
1121,4.25026344279e-07
1122,3.15625146235e-08
1123,3.0547561619e-06
1124,6.3928703475e-06
1125,9.94198051211e-08
1126,0.0
1127,1.27379005503e-05
1128,1.10584403016e-09
1129,3.62680878236e-08
1130,0.000512843015435
1131,1.75583458601e-10
1132,4.09553600329e-05
1133,8.36139446871e-07
1134,5.07883040115e-06
1135,4.90260377335e-08
1136,2.75214181486e-09
1137,1.1074777232e-05
1138,1.53398654207e-10
1139,0.000278899653454
1140,6.40976063398e-10
1141,1.92647667921e-06
1142,6.86577660848e-08
1143,0.0213817019056
1144,0.0
1145,1.91594608136e-10
1146,2.38823635858e-08
1147,2.41023533218e-07
1148,5.82226211451e-05
1149,7.71430805149e-09
1150,5.77035291364e-05
1151,5.00441928665e-06
1152,8.23950969787e-06
1153,2.17305633337e-07
1154,1.19210839912e-05
1155,2.08643399869e-08
1156,1.97520343597e-07
1157,9.52459581877e-07
1158,0.000312146202756
1159,5.29799097094e-10
1160,8.09806758971e-08
1161,0.0
1162,1.75676532174e-08
1163,0.00405914724816
1164,0.013715777437
1165,7.21154738371e-08
1166,2.54786326583e-08
1167,2.83264959293e-05
1168,0.000400939750266
1169,4.05843888683e-06
1170,1.26902168897e-10
1171,0.0
1172,9.83301220851e-10
1173,0.000544172072151
1174,0.0
1175,0.0233701208827
1176,6.82095137423e-09
1177,6.06036385708e-09
1178,0.000581023820465
1179,0.000318147057867
1180,1.93297772471e-06
1181,8.56829922151e-08
1182,3.85999851225e-08
1183,2.43344891646e-08
1184,2.18253512867e-11
1185,0.000917319053308
1186,2.46827343595e-08
1187,2.08357686934e-08
1188,4.50702776106e-05
1189,0.000108456753547
1190,4.87874707842e-09
1191,0.0110249485124
1192,1.16217887831e-11
1193,3.14448046786e-12
1194,0.0
1195,3.35326170376e-06
1196,4.03902984231e-08
1197,2.27164318044e-09
1198,0.000510750048989
1199,2.44378775119e-09
1200,4.18298716813e-10
1201,2.79370345206e-07
1202,3.77786077477e-07
1203,1.2584536575e-05
1204,4.05146756239e-08
1205,1.15629986369e-05
1206,1.70002988925e-10
1207,4.98066786603e-07
1208,3.23604666218e-06
1209,2.56964791353e-07
1210,4.09541232834e-08
1211,6.24303929616e-09
1212,4.64753907992e-11
1213,0.000248723758848
1214,1.08523786532e-07
1215,0.00117349324577
1216,4.4770817365e-11
1217,4.79059575752e-08
1218,3.19577614744e-06
1219,1.22545336039e-10
1220,3.46790014616e-08
1221,0.00225026840484
1222,8.00623149398e-09
1223,4.07117258802e-05
1224,0.00599003117977
1225,0.000358525089344
1226,8.25430379994e-10
1227,1.7213609466e-07
1228,1.27073417811e-07
1229,8.91854205694e-07
1230,1.22074676598e-07
1231,1.50923750177e-08
1232,0.00132126743886
1233,1.55923343621e-05
1234,9.81521536835e-06
1235,7.85001763086e-09
1236,0.000164060310904
1237,4.64940831592e-06
1238,1.32019204229e-07
1239,0.000643245039948
1240,4.56741254164e-06
1241,9.99954018442e-08
1242,1.91870512112e-08
1243,8.17408281791e-07
1244,0.000181444858709
1245,3.50903722036e-05
1246,0.00127643489852
1247,8.58553708717e-10
1248,1.1177821385e-08
1249,8.55342796243e-09
1250,0.0049425443538
1251,1.07719461409e-08
1252,0.0
1253,3.00320151047e-07
1254,0.0115933639767
1255,5.83873709104e-06
1256,1.86002394205e-06
1257,5.84005676285e-07
1258,3.78309655283e-08
1259,0.0
1260,2.86231008822e-09
1261,1.10584442865e-10
1262,1.77533676211e-06
1263,1.87514638631e-08
1264,4.99712666795e-10
1265,6.89651117703e-09
1266,3.04120822086e-05
1267,5.36167074811e-06
1268,5.35680991697e-09
1269,0.0
1270,0.000312093900251
1271,2.83758783873e-07
1272,1.25386235595e-08
1273,1.55427461673e-07
1274,2.35833561721e-08
1275,6.35847860885e-07
1276,0.00811280591929
1277,0.000951674249772
1278,5.90706500486e-09
1279,3.3283939683e-05
1280,0.0
1281,0.000356288849388
1282,6.09375350014e-08
1283,8.92756810369e-06
1284,1.9037961442e-08
1285,1.20587325251e-08
1286,3.91548976364e-06
1287,1.58152513447e-06
1288,2.16309506465e-09
1289,4.96692473165e-10
1290,3.35229874962e-10
1291,0.000956036245567
1292,4.597188063e-10
1293,6.96351422297e-07
1294,3.09891461444e-05
1295,3.10488993836e-10
1296,4.28430343902e-05
1297,2.32750450469e-05
1298,0.00149795963907
1299,4.07105307503e-09
1300,0.00265778143923
1301,1.43802029359e-08
1302,1.22285771623e-10
1303,8.07464301461e-06
1304,0.000253817724912
1305,6.51006476415e-10
1306,1.51155226162e-06
1307,0.0
1308,0.00278932243111
1309,0.0
1310,1.00479784123e-06
1311,3.20909352633e-06
1312,3.08334388138e-10
1313,9.67870595617e-09
1314,2.34306521809e-07
1315,9.98611944545e-09
1316,4.53318416938e-05
1317,2.26676792302e-07
1318,0.0
1319,1.76415621595e-08
1320,4.22739435865e-05
1321,0.0
1322,0.000360226343748
1323,0.0
1324,2.50680669782e-08
1325,8.31023081662e-09
1326,0.000270708276617
1327,0.00122629033387
1328,1.34555283414e-07
1329,5.55174482932e-07
1330,0.000131029346855
1331,1.52321363695e-08
1332,6.85918410016e-10
1333,0.0
1334,7.14366385829e-06
1335,6.63723451505e-08
1336,0.0
1337,0.000716348753957
1338,1.4302740442e-08
1339,7.80059161323e-08
1340,4.0999735492e-08
1341,0.000598486250433
1342,3.57968802968e-05
1343,1.62788362332e-06
1344,1.12518069345e-09
1345,0.00025382782668
1346,2.43433817752e-06
1347,0.000413875413875
1348,2.95391604149e-06
1349,7.90602364907e-10
1350,0.000746776011429
1351,8.47035260123e-06
1352,1.45886604075e-11
1353,1.57836076567e-05
1354,2.62897315489e-11
1355,1.70443683938e-09
1356,0.00253635029726
1357,6.97995787521e-08
1358,0.00233846094586
1359,5.83867740534e-06
1360,1.63706692736e-08
1361,0.000457042792847
1362,1.96870144889e-09
1363,9.94809404709e-05
1364,1.07670297946e-05
1365,8.50666393941e-05
1366,0.00897602995973
1367,3.53311120643e-05
1368,1.13416787813e-05
1369,9.82096417673e-09
1370,3.09659418035e-08
1371,3.32942170869e-10
1372,6.55486043159e-07
1373,3.37944459773e-08
1374,1.96146507769e-09
1375,0.0
1376,2.81471286396e-08
1377,2.14027424703e-07
1378,6.79686169256e-10
1379,0.000495436164007
1380,2.28327561595e-06
1381,0.0
1382,4.8422732419e-06
1383,4.36716806639e-05
1384,0.000200380440444
1385,5.30643231393e-09
1386,2.31549429881e-08
1387,0.0
1388,2.5524051932e-05
1389,2.63867577349e-08
1390,1.41860386578e-06
1391,5.4863695773e-08
1392,0.000551927752132
1393,3.39450882334e-07
1394,5.67817183355e-10
1395,6.81197986468e-06
1396,0.000351169133516
1397,0.00180489818808
1398,1.20956186364e-05
1399,2.86960442652e-09
1400,4.39799687424e-07
1401,4.96197799839e-07
1402,0.0
1403,2.44413307336e-07
1404,8.04899942524e-06
1405,4.81000481e-05
1406,0.00537551713368
1407,1.47696918234e-07
1408,4.30757058011e-10
1409,3.47203800798e-08
1410,6.21032817647e-07
1411,1.85806735804e-05
1412,7.07374165561e-11
1413,2.30068695025e-06
1414,7.22841137944e-07
1415,9.86166748709e-06
1416,0.0
1417,0.0
1418,1.90114772881e-06
1419,1.47757312483e-11
1420,9.27606296953e-05
1421,0.000247963362396
1422,0.0169265146311
1423,1.68306656149e-11
1424,2.61987477484e-10
1425,3.55104128115e-09
1426,2.05488906315e-07
1427,0.000143652964781
1428,3.25777084626e-05
1429,0.00024341234487
1430,0.0
1431,1.63291106908e-09
1432,0.000347339637165
1433,1.52496246925e-05
1434,3.99776840352e-06
1435,1.35400428676e-07
1436,0.0
1437,5.85857658261e-09
1438,7.9163941787e-08
1439,2.41549669873e-09
1440,0.00035355938071
1441,5.02846503742e-07
1442,1.80509596945e-09
1443,2.4831565276e-11
1444,1.18619101062e-07
1445,0.00242227967978
1446,3.73811063985e-06
1447,3.44425199706e-08
1448,7.31441302517e-07
1449,3.72992678019e-08
1450,7.65364432708e-10
1451,9.68415886714e-11
1452,0.00181469913148
1453,1.30053194399e-09
1454,7.80707089338e-05
1455,2.55983873355e-07
1456,0.000417057215895
1457,0.000105620446652
1458,4.51271978032e-10
1459,5.45220998052e-09
1460,0.0
1461,4.60816262569e-10
1462,3.66570982965e-11
1463,7.73938541366e-05
1464,3.07263815048e-08
1465,0.000269229222951
1466,4.19402616108e-06
1467,0.0
1468,5.66208624932e-08
1469,1.36522317184e-10
1470,0.00426357768938
1471,0.0
1472,6.13479665307e-12
1473,2.02482780448e-05
1474,8.87254021129e-07
1475,0.000486131929029
1476,8.84224221427e-06
1477,0.000395571897719
1478,1.83673698064e-08
1479,8.98727230315e-06
1480,1.30812074585e-10
1481,1.92847771416e-07
1482,2.22076511016e-07
1483,2.74637032401e-05
1484,2.82288642231e-08
1485,1.31624831067e-06
1486,5.96622604946e-05
1487,5.32801849773e-05
1488,1.00722962572e-07
1489,1.47637974303e-05
1490,6.0174168159e-07
1491,0.0
1492,4.16523522668e-08
1493,5.2741783755e-05
1494,5.50314082294e-05
1495,1.00492160505e-07
1496,4.7667512517e-07
1497,5.49041024814e-05
1498,6.86974581685e-08
1499,2.8536304039e-11
1500,2.52350273247e-09
1501,0.0
1502,7.11135857391e-06
1503,7.27841180581e-05
1504,0.0
1505,1.22714163805e-05
1506,1.46054240981e-09
1507,2.84067083162e-05
1508,1.19092917551e-07
1509,1.72336031485e-08
1510,2.9190670759e-06
1511,5.94192882462e-10
1512,4.27003001239e-07
1513,2.18710009549e-06
1514,2.10972160444e-06
1515,0.000250493243384
1516,0.0
1517,7.68790583934e-09
1518,9.82597477335e-11
1519,6.113408583e-06
1520,1.46340064079e-10
1521,1.09624278393e-08
1522,4.73740262575e-10
1523,0.0145680164166
1524,2.12277696849e-06
1525,6.13550172646e-07
1526,5.07925815362e-08
1527,3.71463993031e-05
1528,0.000889745078362
1529,0.000127049927719
1530,2.65727270514e-08
1531,4.46066487885e-06
1532,0.00108057779174
1533,0.000206706733794
1534,4.37189449938e-05
1535,0.000836679561054
1536,0.0
1537,4.16969800455e-08
1538,4.92671882561e-06
1539,3.97890950966e-09
1540,2.52642406883e-07
1541,3.85277966737e-06
1542,4.54938222695e-08
1543,1.61949649434e-09
1544,0.0
1545,1.02155069628e-06
1546,0.00614819530056
1547,1.65662743264e-07
1548,2.75088389467e-08
1549,1.28698950906e-10
1550,0.000112275600168
1551,1.33345563254e-07
1552,2.86659575215e-08
1553,1.13225260277e-10
1554,0.000235753061912
1555,3.59081994541e-07
1556,2.0519126871e-06
1557,1.42766612026e-07
1558,0.028045758162
1559,1.10982942008e-06
1560,1.72416624801e-10
1561,1.14263948018e-08
1562,0.00052244516764
1563,0.000143670486104
1564,1.58059014634e-09
1565,2.28960945013e-09
1566,3.7329576966e-07
1567,6.39119403417e-07
1568,4.27861874419e-10
1569,0.0
1570,0.00138634123919
1571,0.00029770529742
1572,1.14800355172e-08
1573,2.19117906001e-05
1574,5.28051127857e-10
1575,0.000259304416808
1576,3.88919536909e-08
1577,0.000792547418316
1578,3.96831746133e-09
1579,1.82436015979e-07
1580,1.12310329462e-10
1581,1.92266303314e-09
1582,3.10867887247e-10
1583,2.49701339255e-08
1584,2.55748683542e-08
1585,1.68030316969e-10
1586,6.06838326384e-06
1587,0.000964967243931
1588,4.03530062672e-05
1589,0.00100563110753
1590,5.54611782558e-07
1591,0.000186042094095
1592,1.64251411066e-05
1593,3.96957393535e-07
1594,5.63993652177e-10
1595,0.000183930191046
1596,1.97630713186e-09
1597,0.00324526662317
1598,7.13886265914e-08
1599,0.000270236293577
1600,9.78854086843e-09
1601,7.66740420639e-07
1602,0.000397550515521
1603,4.48137146803e-09
1604,1.27841388094e-05
1605,5.15938812041e-08
1606,3.88656910826e-09
1607,1.19097459632e-07
1608,1.70901647902e-07
1609,1.46728692073e-06
1610,1.07992183516e-05
1611,0.0176420032419
1612,0.0
1613,7.4478082679e-06
1614,2.03747430336e-07
1615,7.56238937053e-05
1616,6.0439009453e-08
1617,2.12629355889e-05
1618,2.4903459138e-06
1619,2.37155031406e-10
1620,3.75354809646e-09
1621,0.0167453178132
1622,4.15989776797e-10
1623,0.0
1624,1.25791430023e-05
1625,8.87777580993e-07
1626,7.81554691187e-05
1627,1.4527124025e-06
1628,3.08465203585e-05
1629,0.000150539568971
1630,1.28147554313e-07
1631,2.87563858097e-09
1632,1.18053323026e-05
1633,3.63285971188e-05
1634,0.000946482724416
1635,0.000206508730058
1636,1.40800309998e-05
1637,4.55353077028e-10
1638,1.06703599806e-11
1639,2.82967540519e-05
1640,9.35359503413e-09
1641,2.85531140727e-08
1642,5.44974868953e-10
1643,4.16021553821e-06
1644,7.78641567733e-07
1645,0.00145797458345
1646,2.7491381067e-06
1647,0.00170318168201
1648,7.65986358092e-10
1649,6.08821996948e-08
1650,2.55063168923e-06
1651,0.00012789067641
1652,1.19997119941e-08
1653,7.06176606756e-08
1654,1.05032542602e-08
1655,6.04803371554e-07
1656,4.26759365629e-09
1657,4.67980239048e-06
1658,0.00412642084002
1659,0.0
1660,7.01143867564e-07
1661,1.01439794547e-05
1662,2.71103082466e-06
1663,0.000168328840414
1664,3.42648037625e-08
1665,5.97412463238e-06
1666,0.00044205343138
1667,5.47143597356e-05
1668,0.000162165066745
1669,0.000107614060851
1670,0.00269798896306
1671,0.000197099420005
1672,1.64962980981e-06
1673,6.5378716745e-10
1674,2.58669523391e-07
1675,3.3688912663e-10
1676,0.000311454712097
1677,1.42820496546e-10
1678,3.27362732609e-07
1679,2.35985430665e-09
1680,7.42418393356e-09
1681,0.00332232249406
1682,9.88776207171e-09
1683,2.81453562562e-09
1684,0.00069510274725
1685,2.63622772163e-07
1686,1.27247166838e-08
1687,7.23064891913e-05
1688,0.0
1689,1.6810752667e-06
1690,3.45068430527e-07
1691,2.06468816618e-05
1692,3.69742628701e-05
1693,1.45492296523e-09
1694,0.0
1695,2.63149152952e-08
1696,1.37419972557e-07
1697,8.20510908634e-09
1698,0.0
1699,2.32186248703e-06
1700,5.19831466377e-10
1701,5.8210023339e-05
1702,0.000220431757001
1703,5.6682108503e-09
1704,2.02380336582e-05
1705,3.85879468511e-07
1706,9.07274325316e-08
1707,9.70542320667e-08
1708,2.48699574793e-08
1709,1.79611156587e-09
1710,5.50001133114e-09
1711,3.85017316552e-05
1712,1.97985425734e-10
1713,6.07883398124e-07
1714,3.6371170862e-08
1715,1.84924757769e-07
1716,2.00070328794e-06
1717,1.35231053364e-05
1718,4.57278487103e-08
1719,0.000850740280393
1720,0.000168644200693
1721,1.25070600237e-09
1722,0.000251594635528
1723,1.54638077743e-08
1724,3.69672612695e-05
1725,3.55716197637e-08
1726,1.82969970363e-09
1727,3.55734730968e-06
1728,0.00358238896148
1729,7.75345452248e-06
1730,1.32050041876e-05
1731,1.54436070883e-05
1732,0.00094622760227
1733,1.98769399774e-08
1734,3.56456071443e-05
1735,6.70930900229e-06
1736,1.15529410365e-08
1737,4.94674767012e-09
1738,1.29426272455e-08
1739,5.17853869085e-06
1740,0.0
1741,1.60839017892e-08
1742,1.47568149886e-06
1743,5.93992754085e-06
1744,5.78384401329e-08
1745,9.7531431354e-09
1746,7.64116611098e-11
1747,0.000107851490325
1748,0.0
1749,3.11761370019e-05
1750,0.0
1751,4.13785026718e-12
1752,7.74493038218e-07
1753,4.28844926066e-09
1754,0.0
1755,1.46004121309e-07
1756,0.0116786518398
1757,2.83144505454e-08
1758,4.01175766e-08
1759,1.02999739017e-09
1760,5.2589406727e-08
1761,5.76606548223e-06
1762,3.49543779206e-07
1763,2.29605561256e-08
1764,7.41659932543e-08
1765,0.00115451707002
1766,1.62160030163e-05
1767,3.30273834073e-05
1768,3.7297053883e-06
1769,2.04915669099e-05
1770,2.47275667799e-12
1771,1.05567212804e-06
1772,1.5805913759e-10
1773,8.42500280326e-06
1774,0.0
1775,4.0510876924e-07
1776,8.99360886921e-05
1777,1.33106578086e-07
1778,8.08752301917e-09
1779,2.6925264939e-08
1780,0.0126415552023
1781,0.000119832142006
1782,4.43496244314e-06
1783,0.00791745340199
1784,0.00110778954761
1785,0.000731890329536
1786,2.72379227034e-05
1787,2.19940149027e-10
1788,1.61005979727e-10
1789,0.0
1790,2.51096925262e-08
1791,0.0124058263056
1792,4.40363409886e-12
1793,8.29007631049e-07
1794,4.78181125214e-05
1795,0.000112797698189
1796,5.57332197787e-05
1797,1.16885527677e-08
1798,4.95643414494e-08
1799,4.92141230458e-09
1800,0.0
1801,0.000259335532609
1802,4.05782820828e-08
1803,8.8061753963e-06
1804,0.000109703875471
1805,0.000182762651897
1806,1.68130850191e-08
1807,2.04172311065e-06
1808,8.13272376027e-11
1809,9.01593933189e-09
1810,0.0
1811,1.05614593902e-09
1812,7.69533442083e-05
1813,0.00291485017434
1814,0.000337075531356
1815,1.80572686881e-05
1816,1.15120903092e-05
1817,0.0100762130005
1818,0.000252124774858
1819,0.000509277111814
1820,2.88926045527e-10
1821,1.25731754313e-10
1822,6.12467189663e-07
1823,0.000196294752378
1824,0.0
1825,1.5044829079e-10
1826,2.54215110795e-06
1827,8.48038025696e-08
1828,0.00192654296091
1829,1.3499278967e-08
1830,2.1156154818e-05
1831,7.75038781637e-05
1832,1.89133700509e-07
1833,0.000318206988348
1834,9.20015001256e-08
1835,1.0240563113e-07
1836,0.000129363656895
1837,0.000123867794434
1838,0.0
1839,2.7520205512e-06
1840,7.39065324332e-08
1841,2.53213547114e-07
1842,0.0
1843,0.000741733327189
1844,0.00330616185463
1845,2.85694296959e-08
1846,7.38032264004e-08
1847,0.000127395688021
1848,2.39260542063e-10
1849,6.06909734433e-10
1850,6.4792081894e-08
1851,2.26127918018e-08
1852,3.04466626984e-05
1853,3.31513571042e-11
1854,0.000933087899896
1855,0.0
1856,2.54519238762e-07
1857,1.6411661552e-09
1858,2.40806663888e-09
1859,5.05450278806e-06
1860,1.58209823021e-07
1861,3.015617845e-09
1862,1.13207714877e-09
1863,2.67240998171e-06
1864,1.33377039591e-13
1865,5.42055314662e-06
1866,2.22402534813e-05
1867,2.45197209604e-05
1868,2.37119910575e-06
1869,1.16724912887e-08
1870,0.0
1871,3.05315921404e-10
1872,1.45259183214e-07
1873,1.91300978658e-10
1874,0.000657987786221
1875,1.66226587844e-07
1876,3.07937647473e-08
1877,4.12606914091e-05
1878,8.07631333968e-10
1879,4.11281677526e-06
1880,4.44477429465e-08
1881,5.00609525954e-10
1882,0.000145989462931
1883,7.66293875202e-10
1884,0.0
1885,5.30761608693e-08
1886,6.58056430854e-10
1887,2.96302061659e-07
1888,2.0449503699e-08
1889,0.000391301106844
1890,6.75726250813e-12
1891,0.0
1892,9.39031088415e-11
1893,3.53059248015e-05
1894,0.0198135419171
1895,6.89912804073e-06
1896,2.20273627963e-08
1897,1.20325604043e-07
1898,0.0
1899,0.00545148108897
1900,3.54343190796e-10
1901,1.11371166369e-11
1902,3.44015635652e-07
1903,3.09382426699e-08
1904,0.00163909629758
1905,0.00254637973393
1906,2.12078036531e-08
1907,8.0303587917e-07
1908,7.84102756468e-07
1909,8.50441779568e-07
1910,8.77873967115e-05
1911,2.32262693568e-08
1912,1.55097090908e-08
1913,2.77750205814e-09
1914,2.58717131656e-05
1915,3.85553652317e-06
1916,2.02190563837e-08
1917,7.1754069496e-07
1918,6.76779524652e-05
1919,0.000378476296135
1920,2.17629424376e-06
1921,4.45553428915e-08
1922,6.28127687807e-07
1923,1.20719871331e-07
1924,1.40815650921e-08
1925,1.54673451025e-05
1926,3.16737208538e-05
1927,0.000486035830537
1928,4.23018655661e-08
1929,6.123772559e-08
1930,3.10213452857e-09
1931,8.59310395425e-08
1932,3.48544767726e-05
1933,1.04682455554e-06
1934,4.64605938201e-08
1935,0.00215726363321
1936,2.51753517621e-09
1937,2.03871233075e-06
1938,0.0
1939,9.48870288741e-11
1940,1.62136768479e-08
1941,1.9529960482e-09
1942,0.00475780815744
1943,6.19093581978e-08
1944,9.73738349527e-07
1945,0.000117263220632
1946,4.39516389359e-09
1947,2.64691757053e-08
1948,8.61308340849e-07
1949,1.34098793678e-08
1950,0.0
1951,5.02247100729e-07
1952,0.0
1953,4.55916153756e-10
1954,5.28758239317e-08
1955,0.0
1956,4.70011596768e-05
1957,9.47100556604e-09
1958,1.43432412546e-08
1959,2.17913770066e-06
1960,9.00834285294e-10
1961,0.000377831448799
1962,0.00110793161314
1963,0.0
1964,0.0
1965,0.0
1966,5.8141061414e-05
1967,1.94509893488e-08
1968,2.69488849539e-07
1969,3.53263858749e-08
1970,4.47829157403e-07
1971,1.87300663648e-06
1972,0.00187891084479
1973,0.0020781563308
1974,0.000179152635433
1975,0.00834227135611
1976,0.000255312792456
1977,0.0
1978,2.07306730238e-08
1979,2.20969453731e-09
1980,1.5013989915e-07
1981,0.000107934334903
1982,8.12986573247e-12
1983,0.00050120817277
1984,7.58764280357e-12
1985,0.0
1986,0.0
1987,1.47641152379e-07
1988,2.20618758736e-09
1989,3.90856646515e-08
1990,6.22519237841e-11
1991,6.26801506109e-08
1992,4.10170069307e-05
1993,2.03356710314e-07
1994,4.64144062938e-05
1995,8.20955948729e-06
1996,0.00130313090838
1997,0.00353498736961
1998,1.09524196148e-06
1999,1.51024028702e-09
2000,9.34811878739e-09
